0 0 19.85130500793457 0.21745961904525757 31.41881561279297 -0.4261355400085449 -0.06661558151245117 0.2640949487686157 -4.831306338310242
1 3 -0.02249002456665039 -0.0057065486907958984 0.14492416381835938 -0.026933670043945312 0.00873112678527832 -0.022587895393371582 -0.049587249755859375
1 0 24.244171142578125 0.12375551462173462 31.092330932617188 -0.2756166458129883 -0.08433270454406738 0.19837439060211182 -4.4594749212265015
2 5 0.0059604644775390625 -0.04594844579696655 0.2864952087402344 -0.24865150451660156 0.017354965209960938 -0.1600104570388794 0.020163536071777344
2 1 -0.017035484313964844 0.0016009211540222168 0.257720947265625 -0.2521085739135742 -0.03977060317993164 -0.010590791702270508 0.04021120071411133
3 0 -0.003493785858154297 -0.0003001093864440918 0.037860870361328125 -0.01295614242553711 -0.0035431385040283203 0.006101012229919434 0.004363059997558594
4 4 0.025823116302490234 0.015711545944213867 0.007602691650390625 0.019715070724487305 -0.0009646415710449219 0.012992262840270996 -0.030343174934387207
4 5 -0.14268064498901367 0.004446864128112793 -0.17967987060546875 -0.815340518951416 -0.14362144470214844 -0.08018290996551514 0.10630333423614502
4 1 -0.0069122314453125 0.006111502647399902 -0.23184967041015625 -0.1371622085571289 0.04180097579956055 -0.019622087478637695 0.0018954277038574219
5 2 0.07450103759765625 0.028772354125976562 0.00142669677734375 -0.1261453628540039 -0.036723971366882324 0.04735100269317627 0.0230623961542733
