0 3 0.08788633346557617 -0.02276003360748291 -0.2725639343261719 -0.04837846755981445 0.004349350929260254 -0.04258239269256592 -0.0762871503829956
0 0 19.980567932128906 0.043205320835113525 -13.649166107177734 -0.03736114501953125 0.1256338357925415 -0.09990596771240234 -4.831559181213379
0 0 0.18667840957641602 -0.19305938482284546 11.678459167480469 0.5606274604797363 0.24293220043182373 -0.40034353733062744 -4.735533952713013
1 0 26.034013748168945 0.06765717267990112 -13.800769805908203 0.17505168914794922 0.21061384677886963 -0.002393960952758789 -4.542653560638428
2 0 0.02676534652709961 -0.022007882595062256 0.16548919677734375 0.028424739837646484 0.010329246520996094 -0.04071331024169922 0.010564088821411133
2 0 -0.006190776824951172 -0.055135250091552734 11.352882385253906 -0.012419700622558594 0.0347745418548584 -0.09716939926147461 -0.01957249641418457
2 1 0.028945446014404297 -0.049099624156951904 0.41524505615234375 -0.7580552101135254 -0.06716060638427734 -0.17979156970977783 0.05547535419464111
3 3 0.03153228759765625 -0.021603524684906006 0.07265186309814453 -0.011137008666992188 -0.007885932922363281 -0.036485910415649414 -0.012485265731811523
4 1 0.036042213439941406 -0.006472587585449219 0.001605987548828125 0.04412412643432617 0.024862051010131836 -0.019463419914245605 -0.05192255973815918
5 2 -0.0578460693359375 -0.0036252737045288086 -0.018619537353515625 0.08160543441772461 0.04863309860229492 -0.010622978210449219 -0.04548287391662598
