0 2 0.15457773208618164 0.0021300911903381348 -0.31440162658691406 -0.08451485633850098 0.028588056564331055 -0.012924671173095703 -0.13965833187103271
0 0 -0.422698974609375 0.21165060997009277 15.476203918457031 0.7177231311798096 0.26416313648223877 0.30698907375335693 -6.416536092758179
1 3 -0.030172348022460938 -0.0017308592796325684 0.046146392822265625 -0.040064096450805664 0.012506246566772461 0.009586095809936523 -0.010124444961547852
1 0 5.642131805419922 0.20206522941589355 15.319637298583984 0.9759914875030518 0.33787333965301514 0.34965336322784424 -6.1122918128967285
1 4 -0.167938232421875 -0.008511126041412354 -0.008510589599609375 -0.14705562591552734 -0.02006971836090088 -0.020111799240112305 0.015883986350672785
2 1 -0.0238494873046875 -0.0208243727684021 0.2859764099121094 -0.4643087387084961 -0.05204153060913086 -0.08045625686645508 -0.00041496753692626953
3 2 -0.017145156860351562 4.601478576660156e-05 0.08986854553222656 -0.030694007873535156 0.012398719787597656 0.0012276172637939453 0.014711618423461914
4 1 -0.10324954986572266 -0.0035843253135681152 -0.2366485595703125 -0.6101479530334473 -0.10726296901702881 -0.06661558151245117 0.11187422275543213
5 4 0.0067005157470703125 -0.060264647006988525 0.13649368286132812 -0.10787534713745117 0.03592944145202637 -0.1458425521850586 0.021172713932173792
5 0 0.09386634826660156 -0.009427547454833984 0.09450149536132812 -0.07883715629577637 -0.0056955814361572266 0.007622838020324707 -6.157283544540405
