0 2 -0.1814556121826172 -0.1020808219909668 -0.08759689331054688 0.15146970748901367 -0.001657724380493164 -0.1659454107284546 -0.06649994850158691
0 0 19.858675003051758 0.17521387338638306 42.95942306518555 -0.37268877029418945 0.03414607048034668 0.11985504627227783 -4.846698760986328
1 4 -0.03258514404296875 -0.006028652191162109 -0.07205963134765625 -0.48200321197509766 -0.07816600799560547 -0.04304194450378418 0.004529356956481934
1 0 24.638944625854492 0.15237575769424438 42.658836364746094 -0.21798276901245117 0.052211761474609375 0.15036940574645996 -4.561223030090332
1 2 -0.8478889465332031 -0.08496230840682983 0.036251068115234375 -0.07289266586303711 -0.09288585186004639 -0.1470705270767212 -6.195070266723633
2 3 -0.0009484291076660156 0.0033496618270874023 -0.0220184326171875 0.0016210079193115234 -0.0038164854049682617 0.005823016166687012 0.030201315879821777
3 0 0.013185977935791016 -0.014453291893005371 0.1817159652709961 -0.1257028579711914 -0.001560211181640625 -0.06369805335998535 0.004356265068054199
4 1 0.010677337646484375 -0.0029447078704833984 0.005863189697265625 0.013708829879760742 0.010983824729919434 -0.00013554096221923828 0.022997498512268066
4 4 0.04168367385864258 -0.04101443290710449 0.2799110412597656 -0.5756077766418457 -0.04679107666015625 -0.15672945976257324 -0.013581991195678711
5 2 0.11714744567871094 -0.035624146461486816 0.1727294921875 -0.016504287719726562 -0.004522562026977539 -0.05760598182678223 -6.250068664550781
