0 5 0.054154396057128906 -0.00662386417388916 -0.15375041961669922 -0.046274662017822266 0.0022912025451660156 -0.014366388320922852 -0.056237101554870605
0 0 16.028106689453125 0.17939454317092896 8.785106658935547 -0.3117060661315918 -0.07783341407775879 0.31646728515625 -1.7649872303009033
1 4 0.018117427825927734 -0.0046329498291015625 0.02454376220703125 -0.026044845581054688 -0.022670745849609375 -0.018007755279541016 -0.023281574249267578
1 1 -0.04463958740234375 0.008898735046386719 -0.08624649047851562 0.02987813949584961 0.022977352142333984 0.01651453971862793 0.03339099884033203
1 0 -0.07427120208740234 -0.0017878413200378418 0.16010665893554688 -0.007885932922363281 -0.00139617919921875 0.02626478672027588 -0.009018301963806152
1 0 22.020915985107422 0.2906360626220703 8.479930877685547 -0.3872852325439453 -0.009740829467773438 0.5231537818908691 -1.5882859230041504
3 3 0.03467369079589844 -0.008481323719024658 0.010982513427734375 -0.1488661766052246 -0.019123196601867676 -0.03494143486022949 -0.03027975559234619
3 5 0.09192752838134766 -0.04926818609237671 0.18824005126953125 -0.03388404846191406 -0.05130171775817871 -0.04505026340484619 0.058960795402526855
5 2 0.013484954833984375 0.00046253204345703125 0.01134490966796875 0.0442354679107666 0.0023300647735595703 -0.019266963005065918 0.025643414817750454
5 4 -0.13309764862060547 -0.2045053243637085 0.3357124328613281 0.1694931983947754 -0.0601353645324707 -0.3684723377227783 0.1173480749130249
