0 0 0.03294181823730469 -0.01263052225112915 0.14470058679580688 -0.3584890365600586 -0.08618879318237305 -0.007140636444091797 0.0008862018585205078
0 0 15.711614608764648 0.21988028287887573 54.05733108520508 -0.4269380569458008 -0.06737399101257324 0.2649115324020386 -1.6946419477462769
1 1 0.039119720458984375 0.009104490280151367 0.043346405029296875 -0.03170967102050781 0.011098384857177734 0.009106159210205078 -0.05272507667541504
1 0 21.76416015625 0.2446894645690918 53.9058952331543 -0.21454381942749023 0.017870664596557617 0.3618745803833008 -1.4011446237564087
2 3 -0.029560089111328125 -0.044486820697784424 0.27031707763671875 -0.44521522521972656 -0.03561580181121826 -0.13119959831237793 -0.00988006591796875
2 0 -4.291398525238037 0.16462856531143188 79.31228637695312 -0.3532404899597168 -0.13280081748962402 0.35815417766571045 3.1267318725585938
4 2 -0.014827728271484375 -0.0025163888931274414 -0.01450347900390625 -0.07175731658935547 -0.01900339126586914 0.008011102676391602 -0.02023911476135254
4 3 -0.1466531753540039 0.006821334362030029 -0.2682952880859375 -0.43019819259643555 -0.07718396186828613 -0.03597116470336914 0.12549853324890137
5 4 0.09571075439453125 0.012219607830047607 0.06256484985351562 -0.27469420433044434 -0.09303855895996094 0.001825571060180664 -0.03235507011413574
5 2 -0.507568359375 -0.06278097629547119 -0.3071556091308594 -0.6836953163146973 -0.050875306129455566 -0.20751333236694336 -1.4814802408218384
