0 0 19.981218338012695 0.04316854476928711 -18.64720916748047 -0.03738546371459961 0.1255718469619751 -0.09985220432281494 -4.831505060195923
1 5 0.006243228912353516 0.0005265474319458008 0.04486083984375 0.006005764007568359 -0.0016454458236694336 0.007341861724853516 -0.017513036727905273
1 0 26.03528594970703 0.0678291916847229 -18.79867935180664 0.17461872100830078 0.21032178401947021 -0.001979351043701172 -4.54197883605957
2 0 -0.0167083740234375 -0.014384865760803223 0.090484619140625 0.013448715209960938 0.0005861520767211914 -0.018517374992370605 0.04109060764312744
2 3 0.0019521713256835938 -0.018296420574188232 0.15330886840820312 0.09387612342834473 0.0365147590637207 -0.0165940523147583 -0.02733016014099121
3 1 0.01502847671508789 0.003056764602661133 0.0606231689453125 -0.08173036575317383 -0.00900578498840332 0.008869290351867676 0.027053356170654297
4 2 -0.014641761779785156 -0.002942025661468506 -0.014057159423828125 -0.07171249389648438 -0.019167304039001465 0.008046627044677734 -0.02020263671875
4 4 0.030933380126953125 0.015289723873138428 -0.05535125732421875 0.0041828155517578125 0.05420529842376709 -0.0018104314804077148 0.04936552047729492
4 3 -0.11003923416137695 -0.001153409481048584 -0.16941452026367188 -0.1553359031677246 -0.022168636322021484 -0.02330648899078369 0.06444001197814941
4 0 -0.013667583465576172 -0.04687684774398804 -0.45912933349609375 -0.2120203971862793 -0.02229154109954834 -0.10982286930084229 0.03336691856384277
5 2 -0.5075678825378418 -0.06278103590011597 -0.3071556091308594 -0.6836948394775391 -0.050875067710876465 -0.20751333236694336 -1.4814807176589966
