0 2 0.1024932861328125 -0.07086730003356934 -0.47727394104003906 -0.04060173034667969 -0.06632089614868164 -0.12510144710540771 -0.12136876583099365
0 0 0.11371898651123047 -0.01856684684753418 -0.30988407135009766 -0.055658817291259766 -0.0006709098815917969 -0.033861398696899414 -0.08495092391967773
0 0 20.07234001159668 0.03820145130157471 39.15556335449219 0.07732582092285156 0.11437737941741943 -0.04777359962463379 -4.900458216667175
1 0 25.90268325805664 0.06815266609191895 39.0820426940918 0.17511653900146484 0.2101832628250122 -0.0013113021850585938 -4.545606732368469
2 4 0.0015916824340820312 0.004855096340179443 0.01982879638671875 0.03696489334106445 0.0008509159088134766 0.02149069309234619 -0.013937115669250488
2 2 -0.22167015075683594 -0.252949595451355 0.8638992309570312 0.10950183868408203 -0.04231119155883789 -0.4719470739364624 0.0842738151550293
3 2 0.037050724029541016 -0.009514451026916504 0.1828746795654297 -0.018074512481689453 -0.015601873397827148 -0.013080358505249023 0.017499804496765137
3 0 0.02023601531982422 -0.02014470100402832 0.045729637145996094 -0.04501056671142578 -0.014762639999389648 -0.027294635772705078 -0.007167458534240723
4 1 -0.02562093734741211 0.004304409027099609 0.02735137939453125 -0.014501571655273438 -0.0021522045135498047 0.008466482162475586 -0.00623166561126709
4 3 0.013394355773925781 -0.008056938648223877 -0.02547454833984375 -0.07538580894470215 0.021921157836914062 0.00045311450958251953 0.002840399742126465
4 4 -0.11593389511108398 -0.013203024864196777 -0.20079803466796875 -0.08409690856933594 -0.00018513202667236328 -0.02521657943725586 0.08764779567718506
5 5 0.09154510498046875 0.007279872894287109 0.035190582275390625 0.005590915679931641 0.028051137924194336 0.0009549856185913086 0.01518724742345512
