0 0 0.0841665267944336 -0.023347675800323486 -0.3301506042480469 -0.02242898941040039 0.02316749095916748 -0.04043281078338623 -0.09552085399627686
0 0 19.896514892578125 0.04812103509902954 38.1531982421875 -0.05525493621826172 0.12437331676483154 -0.09418249130249023 -4.840939164161682
1 0 25.901094436645508 0.06839758157730103 37.98344421386719 0.17665624618530273 0.2105010747909546 -0.0010210275650024414 -4.546190142631531
2 4 0.024409770965576172 -0.01748555898666382 0.0751495361328125 -0.030704021453857422 0.020681381225585938 -0.047360897064208984 0.01256704330444336
2 3 -0.0023932456970214844 -0.025077879428863525 -0.053379058837890625 0.23329615592956543 0.07583606243133545 -0.04274618625640869 -0.0006129741668701172
3 2 0.032289981842041016 0.001999497413635254 0.11652565002441406 -0.011685371398925781 -0.002674579620361328 0.006977081298828125 0.02530229091644287
3 0 0.01251983642578125 -0.01081395149230957 0.05914497375488281 -0.02097797393798828 0.001749277114868164 -0.023322105407714844 0.0006725788116455078
4 3 -0.14416980743408203 -0.0018474459648132324 -0.20498275756835938 -0.16060376167297363 -0.015651226043701172 -0.02240729331970215 0.11979091167449951
4 4 -0.061742305755615234 -0.002432107925415039 -0.487030029296875 -0.7188925743103027 -0.0893857479095459 -0.09137082099914551 0.011634230613708496
5 1 0.20123672485351562 -0.00989145040512085 0.034236907958984375 -0.21164846420288086 0.0034307241439819336 -0.015535235404968262 -0.03380885240039788
