0 0 18.911712646484375 -0.06962072849273682 5.430427551269531 -0.03690910339355469 -0.03145790100097656 -0.238716721534729 -5.081527948379517
1 0 -0.012814998626708984 -0.0005069971084594727 0.038036346435546875 0.01143789291381836 0.022910594940185547 0.010550260543823242 -0.0003908872604370117
1 3 0.02631664276123047 -0.00115203857421875 0.09064483642578125 -0.01173257827758789 -0.004899382591247559 -0.0031042098999023438 -0.0674353837966919
1 0 24.96493911743164 -0.04472309350967407 5.279407501220703 0.1760244369506836 0.05356621742248535 -0.14067399501800537 -4.790288209915161
2 2 -0.006194114685058594 -0.018978416919708252 0.199981689453125 -0.19422149658203125 -0.03281593322753906 -0.04547882080078125 -0.002056121826171875
2 1 -0.006653785705566406 -0.016274452209472656 0.5725555419921875 -0.895012378692627 -0.12896728515625 -0.10070347785949707 -0.02496159076690674
4 1 -0.044548988342285156 0.002701103687286377 -0.0665740966796875 -0.09917736053466797 -0.02565634250640869 0.0027769804000854492 -0.004242539405822754
4 2 -0.10052967071533203 -0.018443048000335693 -0.3891143798828125 -0.724494457244873 -0.13341760635375977 -0.0490720272064209 -0.1462956666946411
5 4 0.1996173858642578 0.03596562147140503 0.05951690673828125 -0.28645777702331543 -0.08373391628265381 0.0710989236831665 -0.043005943298339844
5 3 -0.1420879364013672 -0.1552308201789856 0.2785987854003906 0.18275117874145508 0.1172112226486206 -0.3646211624145508 -0.08685874938964844
