0 2 0.1555023193359375 -0.12327957153320312 0.1637592315673828 -0.02715301513671875 -0.1006770133972168 -0.19564282894134521 -0.24491512775421143
0 0 15.847469329833984 0.26983362436294556 -14.984554290771484 0.26223278045654297 0.0357818603515625 0.3973175287246704 -1.6957223415374756
1 1 -0.02105855941772461 -0.0045278072357177734 0.15836715698242188 -0.02065563201904297 0.013768196105957031 -0.02088332176208496 -0.0033463239669799805
1 0 21.898391723632812 0.2946851849555969 -15.13522720336914 0.4741249084472656 0.12118172645568848 0.4945441484451294 -1.4001293182373047
2 0 0.08568191528320312 0.038457393646240234 0.309112548828125 -0.500560998916626 -0.12575304508209229 0.09698212146759033 0.10052549839019775
2 3 0.05096578598022461 -0.014571666717529297 0.20996856689453125 -0.0042133331298828125 -0.018275976181030273 -0.029363036155700684 0.04099154472351074
3 7 0.020386219024658203 0.003511786460876465 -0.039191246032714844 0.02623295783996582 -0.008478641510009766 0.013452768325805664 -0.0037393569946289062
3 2 0.020276546478271484 -0.0018188953399658203 0.17281341552734375 -0.014444351196289062 -0.006577968597412109 0.004389286041259766 0.034230947494506836
4 5 0.012370109558105469 -0.0016450881958007812 -0.02724456787109375 -0.03758692741394043 -0.0044786930084228516 0.0011887550354003906 0.042172908782958984
4 3 -0.01929330825805664 -0.09222477674484253 -0.0095062255859375 0.1150054931640625 -0.032343149185180664 -0.17923319339752197 0.03027963638305664
4 0 -0.016449928283691406 -0.019954681396484375 -0.141448974609375 -0.11326074600219727 0.04431319236755371 -0.030954718589782715 0.10461032390594482
5 4 0.0070648193359375 -0.022620201110839844 0.018093109130859375 0.0007305145263671875 -0.007517576217651367 -0.01038980484008789 -0.07325387001037598
