0 2 0.03711986541748047 -0.010467290878295898 -0.1286001205444336 -0.20647573471069336 -0.010999202728271484 -0.03330051898956299 -0.06354618072509766
0 1 0.4092731475830078 -0.16433286666870117 -0.44696044921875 0.09611368179321289 -0.05419588088989258 -0.25424039363861084 0.15674304962158203
0 0 15.843002319335938 0.24428409337997437 -4.539592742919922 0.2616691589355469 0.036386966705322266 0.39681947231292725 -1.688151240348816
1 4 -0.0982513427734375 0.007269442081451416 0.12650680541992188 -0.15126562118530273 -0.0422511100769043 0.017202138900756836 -0.047492384910583496
1 1 -0.2730369567871094 -0.029155850410461426 0.0405426025390625 -0.04668617248535156 -0.024805784225463867 -0.053363800048828125 0.1650855541229248
1 0 21.897125244140625 0.26875418424606323 -4.691501617431641 0.4741249084472656 0.12118172645568848 0.4945441484451294 -1.3991562128067017
2 0 -0.0833749771118164 0.013791024684906006 0.571502685546875 -0.543644905090332 -0.07266426086425781 0.05740034580230713 0.01987147331237793
3 3 0.025565624237060547 0.0004884004592895508 0.025743484497070312 -0.04723930358886719 -0.00022399425506591797 0.002034425735473633 0.007848501205444336
4 0 0.007183074951171875 0.0034450888633728027 -0.09880447387695312 -0.12246227264404297 -0.010992884635925293 0.04693460464477539 0.08114266395568848
5 1 0.3482093811035156 -0.1764886975288391 0.05733489990234375 0.15560150146484375 -0.06827449798583984 -0.27298521995544434 -6.365846872329712
