0 0 4.241530418395996 -0.002062559127807617 -30.46483451128006 0.12811851501464844 0.08998453617095947 0.014785289764404297 -3.165449023246765
0 0 19.85093879699707 0.1902298927307129 24.040233612060547 0.7637574672698975 0.2526928186416626 0.2520791292190552 -4.834219217300415
1 4 -0.04254913330078125 0.007576167583465576 0.008670806884765625 0.02655768394470215 -0.011882185935974121 0.019658446311950684 -0.020064115524291992
1 0 25.903282165527344 0.21503996849060059 23.88961410522461 0.9759972095489502 0.33787381649017334 0.34965813159942627 -4.541720867156982
1 3 0.10431289672851562 0.0072157979011535645 0.06727218627929688 0.22505497932434082 0.07809734344482422 0.04592418670654297 -6.106381893157959
2 2 -0.01743030548095703 -0.023947715759277344 0.1434173583984375 -0.22317981719970703 -0.023122549057006836 -0.07503128051757812 0.018810153007507324
2 1 -0.02536296844482422 -0.14382129907608032 0.4114341735839844 -0.0032825469970703125 -0.09177505970001221 -0.26739442348480225 -0.12429594993591309
3 0 -0.02153491973876953 -0.006687521934509277 0.06458663940429688 -0.05775594711303711 -0.007899880409240723 0.0027583837509155273 -0.008664846420288086
3 0 4.235414505004883 -0.005655884742736816 -30.414299950003624 0.22246742248535156 0.10198664665222168 0.0008031129837036133 -3.0372875928878784
4 1 0.06763362884521484 0.02182936668395996 -0.12377548217773438 -0.02443408966064453 0.04755449295043945 0.00870203971862793 -0.05403256416320801
4 2 -0.13936185836791992 -0.0123823881149292 -0.31536102294921875 -0.4349966049194336 -0.05550956726074219 -0.06439447402954102 0.19202148914337158
