0 0 0.03975105285644531 0.006280839443206787 -0.01985931396484375 -0.02081298828125 -0.020149707794189453 0.027489066123962402 -0.07134675979614258
0 0 15.706768035888672 0.20873212814331055 44.009681701660156 0.8137078285217285 0.189378023147583 0.2641054391860962 -1.6897939443588257
1 3 -0.05803203582763672 -0.0005297064781188965 0.060176849365234375 -0.008766651153564453 0.017403244972229004 0.011980414390563965 -0.033621907234191895
1 0 21.760780334472656 0.23337548971176147 43.858272552490234 1.025771141052246 0.2741694450378418 0.36193788051605225 -1.4001480340957642
2 2 0.02049112319946289 -0.006146490573883057 0.0140380859375 -0.023641586303710938 -0.001218557357788086 -0.007932901382446289 0.020271897315979004
2 1 -0.08885478973388672 -0.13936346769332886 -0.367340087890625 0.12796926498413086 -0.027864933013916016 -0.24337005615234375 -0.04424154758453369
3 0 0.07030773162841797 0.009898006916046143 0.29860591888427734 -0.14177370071411133 -0.02174389362335205 -0.017038702964782715 0.01866316795349121
4 1 0.0010442733764648438 0.00618290901184082 -0.0134429931640625 -0.03430795669555664 -0.0034334659576416016 0.014472723007202148 -0.013678193092346191
4 2 -0.0624847412109375 -0.0251237154006958 -0.15091705322265625 -0.01856374740600586 0.0068607330322265625 -0.05048704147338867 0.003203153610229492
5 4 0.22541427612304688 0.03878891468048096 0.06726455688476562 -0.3854517936706543 -0.10785257816314697 0.06115138530731201 -0.05615067481994629
