0 4 0.03826761245727539 -0.014336764812469482 -0.572540283203125 -0.544426441192627 -0.09952950477600098 -0.025445938110351562 0.029681086540222168
0 0 19.846494674682617 0.04315543174743652 4.112567901611328 -0.03759050369262695 0.12483727931976318 -0.09958517551422119 -4.829688668251038
1 2 -0.0348210334777832 -0.010559141635894775 0.10306549072265625 -0.10262537002563477 0.0028569698333740234 -0.04556608200073242 -0.01057887077331543
1 0 26.061864852905273 0.14993518590927124 3.7311439514160156 0.0009508132934570312 0.1820136308670044 0.15951108932495117 -4.717508673667908
1 0 0.018109798431396484 -0.010520756244659424 -0.33863067626953125 -0.011188030242919922 -0.0026831626892089844 -0.029769182205200195 -0.015945792198181152
1 1 0.11374473571777344 0.005449533462524414 0.054004669189453125 0.35842394828796387 0.10268735885620117 0.059424638748168945 -6.076059818267822
2 3 0.04200124740600586 -0.10700732469558716 0.44425201416015625 -0.023097515106201172 -0.10224974155426025 -0.1852121353149414 -0.1438361406326294
3 4 0.022922515869140625 -0.0045323967933654785 0.13880538940429688 -0.06500720977783203 -0.014887809753417969 -0.004571795463562012 -0.005640149116516113
4 3 0.03003835678100586 0.02550971508026123 -0.11793899536132812 0.02353191375732422 0.05891084671020508 0.028544902801513672 0.0036466121673583984
4 0 0.09134960174560547 -0.0347939133644104 0.2579498291015625 -0.03357505798339844 0.003014206886291504 -0.08188045024871826 -0.04579424858093262
