0 3 -0.17799949645996094 -0.1354418396949768 -0.10723876953125 0.2662973403930664 0.011594772338867188 -0.2119762897491455 6.1957879066467285
0 0 20.005901336669922 0.05350083112716675 -21.171585083007812 -0.05257701873779297 0.12575089931488037 -0.08037948608398438 -4.910349011421204
1 0 26.036338806152344 0.06777793169021606 -21.30667495727539 0.17461872100830078 0.21032178401947021 -0.001979351043701172 -4.541932225227356
1 3 -0.91534423828125 -0.13416093587875366 -0.3321800231933594 -0.07681703567504883 -0.08393561840057373 -0.24327468872070312 1.677773356437683
2 0 -0.017194271087646484 -0.0048444271087646484 0.10083770751953125 -0.015738487243652344 -0.008805394172668457 -0.007894396781921387 0.018565773963928223
2 1 -0.010881423950195312 -0.024765729904174805 0.46712493896484375 -0.6320815086364746 -0.12064754962921143 -0.0766366720199585 -0.0034073591232299805
3 2 0.018526077270507812 -0.0072814226150512695 0.08340263366699219 -0.07576656341552734 -0.01353144645690918 -0.02135920524597168 -0.0008752346038818359
4 1 -0.06596517562866211 -0.0035321712493896484 -0.2003631591796875 -0.5627632141113281 -0.10500955581665039 -0.016577601432800293 0.015379786491394043
4 0 0.04485177993774414 -0.027925550937652588 -0.1771240234375 -0.017360210418701172 0.02514636516571045 -0.07579994201660156 -0.05273330211639404
5 3 0.10741233825683594 -0.08683168888092041 0.21086502075195312 0.05109834671020508 -0.016472816467285156 -0.1515789031982422 0.3530142307281494
