0 0 0.031787872314453125 -0.012131094932556152 -0.11181831359863281 -0.35865068435668945 -0.0469285249710083 -0.04614400863647461 -0.05231976509094238
0 0 15.73080062866211 0.1765744686126709 48.56660079956055 -0.3716559410095215 0.03625178337097168 0.11862611770629883 -1.6911503076553345
1 0 21.784568786621094 0.2013256549835205 48.41520690917969 -0.1594405174255371 0.1211848258972168 0.21635258197784424 -1.400612235069275
2 3 0.03163909912109375 -0.006666719913482666 0.16241455078125 -0.14463043212890625 -0.010050773620605469 -0.02763962745666504 0.0022966861724853516
2 2 0.04133129119873047 0.02427375316619873 0.16710281372070312 -0.20373106002807617 -0.04945802688598633 0.05797600746154785 -0.09718310832977295
2 1 -0.038315773010253906 0.01454007625579834 0.23451614379882812 -0.17593669891357422 -0.023334026336669922 0.03676271438598633 -0.09430313110351562
3 0 0.12562942504882812 0.01741611957550049 0.4043149948120117 -0.6963958740234375 -0.10714781284332275 -0.08388686180114746 0.22340917587280273
4 1 -0.03616189956665039 0.006840765476226807 0.0166473388671875 -0.006860256195068359 0.0047299861907958984 0.0018402338027954102 0.03174281120300293
4 2 -0.08489418029785156 0.048371851444244385 -0.2526130676269531 -0.4201393127441406 -0.1437898874282837 0.08523499965667725 0.13470983505249023
4 3 -0.13437700271606445 -0.0006721019744873047 -0.5096054077148438 -0.8261828422546387 -0.10252988338470459 -0.10660326480865479 0.1350693702697754
