0 0 0.10532951354980469 -0.0025892257690429688 -0.05613201856613159 0.0021152496337890625 0.007002830505371094 0.01421809196472168 0.004282474517822266
0 0 15.915050506591797 0.20838582515716553 54.36107635498047 0.8131270408630371 0.18846964836120605 0.26472318172454834 -1.6960138082504272
1 0 21.96723747253418 0.23339992761611938 54.21025466918945 1.0255060195922852 0.2738807201385498 0.3619701862335205 -1.4012864828109741
1 3 -0.5217094421386719 -0.07208061218261719 0.17549896240234375 -0.3444185256958008 -0.06577050685882568 -0.14811885356903076 0.11172747611999512
2 1 0.04103279113769531 -0.012725830078125 0.0579986572265625 0.09926986694335938 0.032843947410583496 -0.016761064529418945 0.05525565147399902
2 2 -0.1680126190185547 -0.01368170976638794 -0.18902587890625 -0.04931068420410156 0.011794567108154297 -0.021784663200378418 -2.976298153400421
3 0 0.134521484375 0.005325496196746826 0.020711272954940796 0.1815202236175537 0.03278970718383789 0.0016669034957885742 0.02471637725830078
4 1 -0.09181356430053711 -0.003014087677001953 -0.21166229248046875 -0.10799932479858398 -0.041854262351989746 -0.015871644020080566 0.1295415163040161
4 2 -0.13305091857910156 -0.010887444019317627 -0.1822052001953125 -0.057584285736083984 -0.017199993133544922 -0.0009703636169433594 -0.02363675832748413
5 2 1.9196863174438477 0.022865474224090576 -0.563812255859375 -0.27292728424072266 -0.080413818359375 0.032878994941711426 -3.9424710869789124
5 3 0.12383842468261719 -0.004952967166900635 0.12633132934570312 0.029597759246826172 0.08008134365081787 -0.02274322509765625 0.028423070907592773
