0 1 0.02610301971435547 0.016962945461273193 0.016877174377441406 -0.1071319580078125 -0.029255032539367676 0.013888716697692871 -0.09953224658966064
0 3 0.03740215301513672 -0.01644378900527954 0.2071373462677002 -0.6236138343811035 -0.13733911514282227 -0.010286569595336914 -0.022147297859191895
0 0 20.175479888916016 0.2641892433166504 -3.777080535888672 0.376248836517334 0.02464747428894043 0.44983768463134766 -4.920852065086365
1 0 26.006500244140625 0.2941880226135254 -3.8501625061035156 0.4741249084472656 0.12118172645568848 0.4945441484451294 -4.557843327522278
1 2 -0.5215740203857422 -0.07203364372253418 0.175506591796875 -0.34478187561035156 -0.06579875946044922 -0.14808332920074463 0.11139559745788574
2 0 0.03163719177246094 0.011739730834960938 0.2754707336425781 -0.2455897331237793 -0.03554344177246094 0.03551924228668213 0.04517924785614014
3 4 0.03979349136352539 0.001038968563079834 0.0660552978515625 -0.04760146141052246 -0.00196075439453125 0.003869175910949707 -0.0001379251480102539
3 1 0.07059669494628906 -0.00813835859298706 0.28949737548828125 -0.1752464771270752 -0.03869485855102539 -0.01576864719390869 0.15707051753997803
4 0 -0.08576583862304688 0.011187553405761719 -0.038970947265625 -0.10458517074584961 -0.033882737159729004 0.015238642692565918 0.06255090236663818
5 2 0.11394119262695312 -0.006688296794891357 0.12901687622070312 0.03057575225830078 0.0799560546875 -0.021484375 0.012062549591064453
