0 1 -0.013588905334472656 -0.04564088582992554 -0.36870861053466797 -0.6086091995239258 -0.08027863502502441 -0.1088862419128418 -0.04707324504852295
0 0 20.120019912719727 0.21291577816009521 5.021709442138672 -0.31171131134033203 -0.07787084579467773 0.31658482551574707 -4.90393340587616
1 0 0.005923748016357422 0.003157496452331543 0.0360260009765625 -0.03537702560424805 -0.005117893218994141 0.007863402366638184 -0.005310535430908203
1 0 25.951194763183594 0.2428094744682312 4.948085784912109 -0.21413135528564453 0.018134355545043945 0.3619680404663086 -4.544263005256653
2 3 0.06835746765136719 0.019604802131652832 0.18819046020507812 -0.12754535675048828 -0.028058648109436035 0.05556786060333252 -0.0485844612121582
2 2 -0.011875152587890625 -0.004638612270355225 -0.1019134521484375 -0.04065227508544922 -0.016713261604309082 0.0002722740173339844 0.03948819637298584
3 1 0.08227729797363281 0.0022545456886291504 0.4540081024169922 -0.2948951721191406 -0.09099316596984863 0.07243037223815918 0.06809818744659424
4 3 -0.08657598495483398 0.04334461688995361 -0.140106201171875 -0.3712291717529297 -0.11477100849151611 0.07840192317962646 0.09917211532592773
4 0 0.0860452651977539 0.0004706382751464844 0.5462379455566406 -0.9100329875946045 -0.16255927085876465 -0.004981517791748047 0.07352769374847412
4 2 0.031289100646972656 -0.02759718894958496 -0.26145172119140625 0.1268301010131836 0.02686464786529541 -0.03309810161590576 -0.9696559309959412
