0 0 0.03668975830078125 -0.029443442821502686 -0.16594266891479492 -0.471832275390625 -0.040915727615356445 -0.1003565788269043 -0.0647280216217041
0 0 15.730123519897461 0.17619729042053223 49.02534103393555 -0.3714933395385742 0.03636646270751953 0.11839985847473145 -1.6901227235794067
1 3 0.018288612365722656 -0.028713762760162354 0.15070724487304688 -0.040323734283447266 -0.04087710380554199 -0.059819817543029785 -0.06044888496398926
1 0 21.78458023071289 0.20101183652877808 48.874267578125 -0.15962553024291992 0.12112545967102051 0.21649718284606934 -1.399999976158142
2 5 0.039638519287109375 -0.007392585277557373 0.13190460205078125 0.06013154983520508 0.03281962871551514 -0.013508319854736328 -0.03631556034088135
3 1 -0.011297225952148438 0.004434347152709961 0.034427642822265625 -0.0006117820739746094 -0.006492018699645996 -0.0036177635192871094 0.015411972999572754
3 0 0.17554378509521484 0.018369019031524658 0.46152305603027344 -0.756657600402832 -0.14605164527893066 -0.08001399040222168 0.4781038761138916
4 4 -0.008189201354980469 0.008319854736328125 0.01280975341796875 0.034912824630737305 -0.004061579704284668 0.013987898826599121 -0.015127897262573242
4 5 -0.06767988204956055 -0.0018818974494934082 -0.25754547119140625 -0.16193556785583496 -0.032199978828430176 -0.020524144172668457 0.09475564956665039
5 2 0.0236968994140625 -0.0027226805686950684 0.03441619873046875 -0.15843629837036133 -0.004998683929443359 -0.019991517066955566 -0.02654861369956052
