0 0 -13.917945861816406 -0.1943730115890503 -42.73048982024193 -0.6836585998535156 -0.07670676708221436 -0.3400064706802368 -1.6762068197131157
0 0 1.703176498413086 0.08079051971435547 11.564834594726562 -0.10261821746826172 0.15562140941619873 0.013863682746887207 -3.430661551654339
0 0 0.14809799194335938 -0.13807207345962524 0.3826255798339844 0.34819984436035156 0.1947413682937622 -0.3094538450241089 -0.0454966202378273
1 0 7.735589981079102 0.038293421268463135 11.394824981689453 0.1743483543395996 0.2100011110305786 -0.001768946647644043 -3.026938073337078
1 3 -0.37275123596191406 -0.0017334222793579102 0.08852767944335938 -0.743934154510498 -0.1742016077041626 0.0026879310607910156 0.2040562629699707
1 0 -0.7850055694580078 -0.114513099193573 -0.0464630126953125 -0.3295478820800781 -0.08169722557067871 -0.19256103038787842 0.02272062748670578
2 4 -0.015472888946533203 -0.00458073616027832 0.1594085693359375 -0.11844968795776367 -0.005993366241455078 0.007869601249694824 0.010532259941101074
2 2 -0.0016841888427734375 -0.14086443185806274 0.48680877685546875 -0.013881206512451172 -0.10773110389709473 -0.21444928646087646 -0.04663848876953125
3 1 0.0583806037902832 -0.02807837724685669 0.20751953125 -0.43616771697998047 -0.038121938705444336 -0.09802961349487305 0.006683826446533203
3 0 -13.773448944091797 -0.15741729736328125 -42.773663491010666 -0.1789107322692871 0.01897430419921875 -0.2534973621368408 -1.4652969762682915
4 2 0.025608539581298828 0.037020325660705566 -0.13158416748046875 0.03253030776977539 0.07335710525512695 0.041735172271728516 0.023508667945861816
4 4 -0.0374298095703125 0.04320323467254639 -0.38167572021484375 -0.41584253311157227 -0.13897502422332764 0.10401606559753418 -0.06544947624206543
5 0 0.06609535217285156 -0.029915034770965576 -0.01374053955078125 0.031208515167236328 0.04481339454650879 -0.045601844787597656 -0.03254639357328415
