0 1 0.10140228271484375 -0.005285799503326416 -0.3711090087890625 -0.6011395454406738 -0.06025040149688721 -0.07150721549987793 -0.04214596748352051
0 0 0.05526924133300781 0.00702822208404541 -0.21906185150146484 -0.08461260795593262 0.04099833965301514 0.01991093158721924 -0.06261372566223145
1 1 -0.13625144958496094 -0.03554290533065796 -0.21761703491210938 -0.03675985336303711 0.06479525566101074 -0.1034245491027832 -0.1376180648803711
1 5 -0.05676603317260742 -0.007039010524749756 0.06908035278320312 -0.05991792678833008 0.0015320777893066406 -0.022921442985534668 -0.004827976226806641
1 0 22.089237213134766 0.24977099895477295 39.87610626220703 0.8463232517242432 0.3101445436477661 0.41573822498321533 -1.5966745615005493
2 6 -0.002247333526611328 -0.029264092445373535 0.15023040771484375 -0.18477106094360352 0.010200738906860352 -0.09038901329040527 0.00015163421630859375
2 3 0.05893564224243164 -0.10158425569534302 0.2986564636230469 -0.026218891143798828 -0.08987295627593994 -0.16140246391296387 0.03478085994720459
3 0 0.015279769897460938 -0.021261990070343018 0.17765522003173828 -0.1720752716064453 0.015108466148376465 -0.010235309600830078 0.08777785301208496
4 3 0.011356830596923828 0.01481008529663086 -0.14101791381835938 0.012642860412597656 0.053209543228149414 0.02621603012084961 0.03653824329376221
4 6 -0.05225563049316406 0.018020272254943848 -0.40631103515625 -0.6115331649780273 -0.08746957778930664 -0.05019235610961914 0.008278965950012207
5 2 -0.01610565185546875 0.001268923282623291 -0.0235443115234375 0.08455801010131836 0.04683387279510498 -0.00393223762512207 -0.057898521423339844
5 4 0.14252090454101562 -0.05579054355621338 0.12106704711914062 0.4058253765106201 0.14693725109100342 -0.05977070331573486 -0.00016910582780838013
