0 1 0.05805683135986328 -0.0059816837310791016 -0.21175861358642578 -0.04118490219116211 0.00716400146484375 -0.0049239397048950195 -0.06273818016052246
0 4 0.13912105560302734 -0.004228949546813965 0.026031494140625 0.10229110717773438 0.08594441413879395 -0.0852959156036377 2.6184848248958588
0 0 -5.834054946899414 0.16527706384658813 11.467655181884766 -0.37171220779418945 0.035321712493896484 0.11884677410125732 -3.2682451789005427
1 3 -0.007149696350097656 0.008716881275177002 -0.01263427734375 0.026189565658569336 -0.010460376739501953 0.011845827102661133 -0.025023698806762695
1 0 0.21906089782714844 0.19053834676742554 11.31683349609375 -0.15944242477416992 0.12119698524475098 0.21635127067565918 -2.9711491648777155
1 2 -0.20085716247558594 -0.06437289714813232 0.011356353759765625 0.11136484146118164 0.0693901777267456 -0.13195955753326416 0.023406982421875
3 1 0.08351802825927734 0.0006470084190368652 0.24843597412109375 -0.23233747482299805 -0.03822457790374756 -0.016787052154541016 0.11928701400756836
4 5 0.03686952590942383 0.007814288139343262 0.00688934326171875 0.05748701095581055 -0.0038306713104248047 0.012237906455993652 -0.024173498153686523
5 0 0.1428680419921875 -0.017765283584594727 -0.037769317626953125 -0.23233604431152344 -0.020843505859375 -0.06571602821350098 0.08338316933077294
5 4 0.39705657958984375 -0.0354343056678772 -0.028324127197265625 -0.0512242317199707 0.07231569290161133 -0.13327884674072266 0.10564766824245453
