0 0 0.01765155792236328 -0.028675854206085205 -0.1927661895751953 -0.12897968292236328 -0.012539863586425781 -0.04346060752868652 -0.0426861047744751
0 0 16.08062744140625 0.21352261304855347 42.56202697753906 -0.31151914596557617 -0.07740163803100586 0.31733083724975586 -1.7589876651763916
1 6 -0.0183563232421875 -0.0010502338409423828 -0.0425262451171875 0.008789539337158203 -0.010117769241333008 0.0070476531982421875 0.014639973640441895
1 5 -0.04986715316772461 -0.003531336784362793 0.11527252197265625 -0.20087242126464844 -0.03762054443359375 -0.02923107147216797 0.010170698165893555
1 0 21.906484603881836 0.24237990379333496 42.48948287963867 -0.2141284942626953 0.01809096336364746 0.36202192306518555 -1.4001920223236084
1 3 -0.6429786682128906 -0.026419103145599365 0.059963226318359375 -0.931995153427124 -0.11871647834777832 -0.13568758964538574 0.1340956687927246
2 4 -0.02274465560913086 0.013113796710968018 0.087066650390625 0.015633106231689453 0.01300656795501709 0.037919044494628906 0.030057787895202637
3 0 0.012271881103515625 -0.0013573765754699707 0.25284290313720703 -0.1614670753479004 -0.058716535568237305 0.03907191753387451 0.03661477565765381
4 1 -0.01965618133544922 -0.00041365623474121094 -0.01482391357421875 -0.030941486358642578 -0.007542848587036133 0.02299356460571289 -0.013735175132751465
5 3 0.2637062072753906 0.01684856414794922 0.05309295654296875 -0.43791675567626953 -0.0856093168258667 -0.01307690143585205 0.04157853126525879
