0 3 0.0902395248413086 0.01667177677154541 -0.5406990051269531 -0.9664194583892822 -0.19491875171661377 -0.011124372482299805 -0.07294595241546631
0 0 1.4759254455566406 0.15405118465423584 15.468528747558594 -0.37269020080566406 0.035260915756225586 0.11960673332214355 -6.410979509353638
1 0 7.527986526489258 0.17924463748931885 15.317607879638672 -0.1594386100769043 0.12118244171142578 0.21635258197784424 -6.112569808959961
1 0 -0.5536231994628906 -0.02587181329727173 0.094940185546875 -1.0152678489685059 -0.13393056392669678 -0.13925468921661377 -6.17430567741394
2 2 0.13491344451904297 -0.03954428434371948 0.28121185302734375 0.018274784088134766 0.014906644821166992 -0.08756566047668457 0.13067400455474854
3 3 0.044083595275878906 -0.02083534002304077 0.23255348205566406 -0.29421377182006836 -0.06008124351501465 0.0038738250732421875 -0.000905156135559082
4 1 -0.024669647216796875 0.00043445825576782227 -0.028289794921875 -0.041179656982421875 -0.01630425453186035 0.019060611724853516 0.006266951560974121
4 2 -0.036273956298828125 0.004550039768218994 -0.10099029541015625 0.01830005645751953 0.018574118614196777 -0.04143476486206055 0.033936142921447754
5 1 -0.48668956756591797 -0.031924545764923096 -0.41013336181640625 -1.0485901832580566 -0.12962782382965088 -0.18405520915985107 -1.594954013824463
5 0 0.5787734985351562 -0.045125365257263184 0.07281112670898438 -0.5618786811828613 -0.054218411445617676 -0.14044833183288574 -6.130547046661377
