0 1 0.050271034240722656 -0.007243990898132324 -0.1520557403564453 -0.13341784477233887 0.030327916145324707 0.006429791450500488 -0.12117147445678711
0 0 20.073163986206055 0.21262550354003906 28.63864517211914 -0.31143856048583984 -0.07778120040893555 0.3164713382720947 -4.901464939117432
1 0 25.90433120727539 0.24260073900222778 28.565196990966797 -0.2142477035522461 0.018007755279541016 0.3619791269302368 -4.542121410369873
1 5 -0.4507598876953125 -0.09025520086288452 0.0926361083984375 -0.03934669494628906 -0.10866713523864746 -0.1904827356338501 0.019435405731201172
2 4 -0.04763507843017578 -0.040328025817871094 0.039913177490234375 -0.23322534561157227 0.010790348052978516 -0.10748565196990967 -0.007093191146850586
2 3 0.11441802978515625 -0.05301934480667114 0.41284942626953125 -0.01848745346069336 0.026242613792419434 -0.11850833892822266 0.08299362659454346
3 0 -0.0029196739196777344 -0.0023314356803894043 0.05194091796875 -0.023372173309326172 -0.005926847457885742 -0.0024209022521972656 -0.0017205476760864258
3 1 0.03991889953613281 0.001402437686920166 0.22141170501708984 -0.1291201114654541 0.014830589294433594 0.003185868263244629 0.013339519500732422
4 4 -0.15426063537597656 -0.0003463625907897949 -0.14180374145507812 -0.5105280876159668 -0.09216749668121338 -0.049721598625183105 0.10024189949035645
4 2 -0.02480792999267578 0.00016736984252929688 -0.028331756591796875 -0.04084444046020508 -0.016260981559753418 0.019225239753723145 0.006948590278625488
4 3 0.02675151824951172 0.02744954824447632 0.05985260009765625 -0.05289506912231445 0.012249350547790527 -0.0037430524826049805 0.06255614757537842
5 5 0.028995513916015625 -0.0006867647171020508 0.08736419677734375 -0.008982181549072266 -0.01921701431274414 -0.014807939529418945 -0.010425806045532227
5 2 -0.4901304244995117 -0.03278428316116333 -0.4087944030761719 -1.046665906906128 -0.13006079196929932 -0.18321990966796875 -1.5975732803344727
