0 4 0.077545166015625 0.04617887735366821 -0.17204666137695312 -0.3810112476348877 -0.07185232639312744 0.10971224308013916 -0.13137555122375488
0 3 0.029512405395507812 -0.016183793544769287 0.12333571910858154 -0.07484579086303711 0.01350414752960205 -0.018970489501953125 0.03183937072753906
0 0 20.45734214782715 0.20204663276672363 -3.5543861389160156 -0.29058361053466797 -0.06372952461242676 0.26055240631103516 -4.765378355979919
1 0 26.01624298095703 0.24304091930389404 -3.4509010314941406 -0.2139120101928711 0.018469810485839844 0.3616313934326172 -4.549157023429871
1 6 -0.8000087738037109 -0.11120355129241943 -0.002330780029296875 -0.0371856689453125 -0.11215841770172119 -0.20370829105377197 -6.2591233253479
2 7 0.009351253509521484 0.013039767742156982 0.0958709716796875 -0.005074739456176758 0.009441852569580078 0.009952187538146973 0.04201245307922363
2 2 -0.02049875259399414 -0.04871493577957153 0.151153564453125 0.07200956344604492 0.04507708549499512 -0.09878373146057129 0.026390552520751953
3 5 0.00824880599975586 -0.0019305944442749023 -0.015012741088867188 0.0271604061126709 -0.01533806324005127 0.006393313407897949 -0.011480450630187988
3 4 0.061318397521972656 0.042690813541412354 0.41154050827026367 -0.3215036392211914 -0.0669935941696167 0.0689694881439209 0.7747141718864441
4 0 -0.01927661895751953 0.0013590455055236816 -0.13290023803710938 -0.1148691177368164 -0.013678789138793945 -0.004302024841308594 0.008534908294677734
4 7 0.07413005828857422 0.0037692785263061523 -0.36588287353515625 0.0965123176574707 0.06733155250549316 -0.008298993110656738 0.0010159015655517578
4 2 -0.02493762969970703 -0.0035080909729003906 -0.21860504150390625 -0.031238079071044922 0.0160905122756958 -0.013257622718811035 0.005108475685119629
5 1 -0.0446014404296875 -0.00742340087890625 -0.006443023681640625 0.048172950744628906 0.03988206386566162 -0.0219649076461792 -0.012768522778060287
5 6 0.04370689392089844 -0.07186537981033325 0.11455154418945312 0.010224342346191406 -0.03360795974731445 -0.0983726978302002 -6.279975175857544
5 0 -0.00782918930053711 -0.008562207221984863 -0.5225257873535156 -0.407564640045166 -0.07230973243713379 -0.04512190818786621 -1.4901161193847656e-05
