0 5 0.0863037109375 -0.014957427978515625 -0.17147445678710938 -0.03923320770263672 -0.019243717193603516 -0.041596412658691406 -0.04688560962677002
0 1 0.04640483856201172 -0.053707242012023926 -0.5256385803222656 -0.6401877403259277 -0.0752875804901123 -0.07904493808746338 -0.06343662738800049
0 0 16.12684440612793 0.20365357398986816 -9.798751831054688 0.9284782409667969 0.17822504043579102 0.31614363193511963 -1.7596930265426636
1 0 21.958282470703125 0.23350554704666138 -9.872806549072266 1.025771141052246 0.2741694450378418 0.36193788051605225 -1.4021533727645874
2 3 -0.06430387496948242 0.00481027364730835 -0.02513885498046875 -0.12809133529663086 -0.0636136531829834 0.005285859107971191 0.06351113319396973
2 0 0.022553443908691406 0.010290205478668213 0.4419708251953125 -0.23754477500915527 -0.020554065704345703 -0.026370882987976074 0.018664836883544922
3 1 0.020189285278320312 -0.0023537278175354004 0.12949562072753906 -0.04557657241821289 -0.016486406326293945 0.024940013885498047 -0.016597390174865723
3 2 0.0323185920715332 -0.008220195770263672 0.13428878784179688 -0.021006107330322266 -0.02105093002319336 -0.01257467269897461 0.025415420532226562
3 5 0.10140800476074219 -0.041715025901794434 0.23421669006347656 -0.026885032653808594 -0.049271345138549805 -0.05273556709289551 0.11901271343231201
4 0 -0.007145881652832031 0.016536295413970947 -0.0740966796875 -0.03661322593688965 -0.017931580543518066 -0.00799572467803955 0.07790803909301758
5 4 0.10546112060546875 0.001714944839477539 0.045009613037109375 -0.12126636505126953 -0.04953360557556152 -0.00866854190826416 -0.04711771011352539
