0 0 0.1292438507080078 0.02203047275543213 15.470710754394531 -0.03856229782104492 0.12467849254608154 -0.0991830825805664 -0.12263345718383789
1 4 0.030841827392578125 -0.03649371862411499 -0.06308364868164062 -0.03722047805786133 0.028212308883666992 -0.09893536567687988 -6.393848657608032
1 0 6.181556701660156 0.0464286208152771 15.319896697998047 0.17461872100830078 0.2103215456008911 -0.001979351043701172 0.16954946517944336
1 0 -0.3114356994628906 -0.08343273401260376 -0.04827880859375 0.15483474731445312 0.06638050079345703 -0.16499733924865723 0.013267755508422852
2 2 -0.02208232879638672 0.00939321517944336 0.00582122802734375 -0.053086280822753906 -0.016577482223510742 0.021020889282226562 0.013186216354370117
2 3 -0.08684825897216797 -0.07040679454803467 0.4001274108886719 -0.7538232803344727 -0.037534475326538086 -0.2223372459411621 -0.017644047737121582
4 3 -0.017551422119140625 0.001267552375793457 0.08195877075195312 -0.2316889762878418 -0.04878795146942139 -0.012076497077941895 -0.012837052345275879
4 2 -0.039896488189697266 -0.0927966833114624 -0.41756439208984375 0.13944339752197266 0.10289037227630615 -0.21140217781066895 0.06750845909118652
5 1 0.12660598754882812 -0.003953099250793457 0.04681396484375 -0.09335947036743164 -0.04225647449493408 -0.012195944786071777 -0.07708597183227539
5 4 0.5334386825561523 -0.03102433681488037 -0.14162445068359375 -0.301058292388916 -0.0015463829040527344 -0.07091259956359863 -6.266490459442139
