0 5 0.098846435546875 -0.021892428398132324 -0.3130626678466797 -0.0027723312377929688 -0.016213417053222656 -0.05768179893493652 -0.08527171611785889
0 2 0.1948089599609375 -0.09923774003982544 -0.16640472412109375 -0.011090278625488281 -0.0955352783203125 -0.14937520027160645 -0.08591222763061523
0 0 19.966989517211914 0.043080270290374756 -5.495311737060547 -0.03607940673828125 0.12535274028778076 -0.09984636306762695 -4.844146490097046
1 3 -0.04908275604248047 0.0054277777671813965 -0.00171661376953125 -0.010437488555908203 -0.012726306915283203 0.0022711753845214844 0.0069386959075927734
1 0 26.01853370666504 0.06777572631835938 -5.646308898925781 0.17461872100830078 0.21032202243804932 -0.001979827880859375 -4.551330804824829
1 4 -0.5042476654052734 -0.01480257511138916 0.07106399536132812 -0.904489278793335 -0.1346825361251831 -0.09491026401519775 -6.184418678283691
2 0 -0.0002875328063964844 -0.10030001401901245 0.4053497314453125 0.13498878479003906 0.05862867832183838 -0.1893373727798462 0.03594326972961426
3 2 0.043500423431396484 -0.02121865749359131 0.22076797485351562 -0.017072677612304688 -0.01941370964050293 -0.028538942337036133 0.0230865478515625
3 5 0.10898971557617188 -0.05021321773529053 0.3521757125854492 -0.015799999237060547 -0.0629727840423584 -0.06363177299499512 0.12575924396514893
4 0 -0.08582401275634766 -0.0004858970642089844 -0.07005691528320312 -0.036025047302246094 -0.007055401802062988 -0.0026422739028930664 0.02725839614868164
4 1 -0.0067119598388671875 0.0022330284118652344 -0.10115814208984375 -0.00817728042602539 0.013744354248046875 -0.0027844905853271484 0.0018662214279174805
