0 4 0.1064004898071289 -0.02414417266845703 -0.20101451873779297 -0.015712738037109375 -0.0282900333404541 -0.058963775634765625 -0.07937800884246826
0 1 -0.00989532470703125 -0.1484147310256958 0.03527069091796875 0.3603959083557129 0.0583035945892334 -0.26941168308258057 2.9830146990716457
0 2 0.12632179260253906 -0.014228403568267822 0.016876220703125 0.18762540817260742 0.08115208148956299 -0.09959781169891357 -6.112229824066162
0 0 19.791969299316406 0.20865613222122192 23.675365447998047 0.8126115798950195 0.18862605094909668 0.2653385400772095 -4.836556315422058
1 3 -0.021298885345458984 0.0012103915214538574 -0.07995986938476562 -0.005408763885498047 -0.014991402626037598 0.007759571075439453 0.009911179542541504
1 0 25.844375610351562 0.2332555651664734 23.523296356201172 1.025771141052246 0.2741692066192627 0.36193740367889404 -4.541719317436218
1 1 -0.12761974334716797 -0.039144039154052734 -0.00821685791015625 -0.053720951080322266 -0.05891704559326172 -0.08309721946716309 0.028027888387441635
2 1 -0.7740764617919922 -0.2526383399963379 -0.11025619506835938 0.35158300399780273 0.03293752670288086 -0.4399362802505493 -2.9989434517920017
2 3 -0.0650930404663086 -0.1504131555557251 0.3217658996582031 0.14401960372924805 0.10046303272247314 -0.30527186393737793 -0.07821464538574219
3 0 0.026762008666992188 0.004066348075866699 0.06018829345703125 -0.05463814735412598 -0.012579798698425293 0.0049103498458862305 -0.008529424667358398
3 4 0.11862564086914062 -0.05118674039840698 0.1497650146484375 -0.04521608352661133 -0.06621432304382324 -0.05859339237213135 0.08659899234771729
4 3 0.08206510543823242 -0.07817107439041138 0.29808807373046875 0.04491996765136719 0.004014730453491211 -0.15381765365600586 -0.03495895862579346
5 2 0.11696815490722656 0.015608549118041992 0.00420379638671875 -0.00969696044921875 0.015389084815979004 0.009870052337646484 -6.282135725021362
