0 4 0.012251853942871094 0.008384764194488525 -0.2605476379394531 -0.12946844100952148 -0.04494762420654297 0.023663759231567383 -0.0034302473068237305
0 1 0.31032657623291016 -0.02671337127685547 0.004367828369140625 -0.6398892402648926 -0.09410583972930908 -0.11415088176727295 0.01221013069152832
0 0 20.416345596313477 0.1598740816116333 -3.666118621826172 -0.23677921295166016 0.040169715881347656 0.10989749431610107 -4.752297520637512
1 1 0.0679025650024414 -0.0028842687606811523 -0.051197052001953125 -0.13132619857788086 -0.015180349349975586 -0.04495596885681152 0.01551961898803711
1 0 25.984947204589844 0.2010229229927063 -3.5674171447753906 -0.1594386100769043 0.12118172645568848 0.2163527011871338 -4.554794669151306
2 3 -0.005511760711669922 -0.005631625652313232 0.05118560791015625 0.025882720947265625 0.03354203701019287 0.010440826416015625 0.04098105430603027
3 2 -0.014666557312011719 -0.0006965994834899902 0.05814552307128906 -0.03867053985595703 0.006761312484741211 0.005897164344787598 0.0014427900314331055
3 4 0.004310131072998047 -0.023168623447418213 0.25387001037597656 -0.36258649826049805 -0.07382655143737793 -0.06869661808013916 -0.002830028533935547
4 0 -0.11878824234008789 0.009787023067474365 -0.06475448608398438 -0.11000299453735352 -0.018612146377563477 -0.0033736228942871094 0.06442725658416748
4 3 0.008874893188476562 -0.0179862380027771 -0.22426605224609375 -0.07484245300292969 0.042734742164611816 -0.029917120933532715 -0.03332936763763428
