0 1 0.12414407730102539 0.009891688823699951 -0.5333518981933594 -0.3068215847015381 -0.03885996341705322 0.0257565975189209 -0.11997568607330322
0 0 19.844411849975586 0.1931796669960022 -20.030513763427734 0.7640435695648193 0.25317609310150146 0.25178539752960205 -4.831431150436401
1 5 -0.011020183563232422 -0.0030975341796875 0.038448333740234375 -0.009366989135742188 0.005337238311767578 0.00787961483001709 -0.005157828330993652
1 0 24.63129234313965 0.16889578104019165 -20.335865020751953 0.9174840450286865 0.26891911029815674 0.2836552858352661 -4.561050176620483
2 0 -0.017060279846191406 -0.0077933669090271 0.1096343994140625 -0.05958366394042969 0.0027472972869873047 0.0042307376861572266 0.040694594383239746
2 3 0.13313055038452148 -0.02689218521118164 0.1077728271484375 -0.8066439628601074 -0.15487384796142578 -0.05625712871551514 -0.0003764629364013672
3 1 0.013586044311523438 -0.0021383166313171387 0.09602165222167969 -0.07723045349121094 0.0015740394592285156 -0.0033881664276123047 0.02239847183227539
4 3 -0.045911312103271484 -0.013425827026367188 -0.20517349243164062 -0.2743096351623535 -0.040862321853637695 -0.02487778663635254 0.008065938949584961
4 4 0.016836166381835938 -8.672475814819336e-05 -0.02545928955078125 -0.0018627643585205078 0.02059328556060791 0.022113800048828125 0.015693187713623047
4 0 0.03635120391845703 -0.020594358444213867 -0.27690887451171875 -0.02007293701171875 0.08225977420806885 -0.02109527587890625 -0.030720829963684082
5 6 0.23026657104492188 -0.04133206605911255 -0.03509521484375 -0.13455963134765625 0.00482940673828125 -0.043477773666381836 0.02436361119907815
