0 0 19.78746223449707 0.208854079246521 4.508216857910156 0.8137950897216797 0.18940019607543945 0.26404666900634766 -4.831269025802612
1 3 -0.021832942962646484 0.0031799674034118652 0.035411834716796875 -0.003947019577026367 0.009760618209838867 0.011784195899963379 -0.013325333595275879
1 0 -0.003307819366455078 0.012184321880340576 -0.0115814208984375 0.017777442932128906 -0.03399360179901123 0.009846925735473633 0.018356800079345703
1 0 25.841064453125 0.23355257511138916 4.356964111328125 1.026045322418213 0.27424049377441406 0.3621419668197632 -4.542325496673584
1 4 -0.7116260528564453 -0.03874844312667847 -0.08034515380859375 -0.8057618141174316 -0.07305049896240234 -0.17072606086730957 -0.03425478935241699
2 2 -0.06192445755004883 -0.004347860813140869 -0.067962646484375 -0.08749914169311523 -0.004266500473022461 -0.014427423477172852 0.0008492469787597656
2 1 -0.19797706604003906 -0.0240287184715271 0.2679405212402344 -0.26660585403442383 0.06664025783538818 -0.04107260704040527 -0.13456273078918457
4 0 -0.011262893676757812 0.009168267250061035 -0.09949874877929688 0.1753995418548584 0.01722872257232666 0.03366899490356445 0.004405379295349121
4 1 0.004261016845703125 -0.012190103530883789 -0.12194442749023438 -0.1054685115814209 0.035134196281433105 -0.014441132545471191 0.08472943305969238
5 4 0.3721656799316406 0.016241133213043213 0.1039886474609375 -0.680974006652832 -0.1289581060409546 -0.04170811176300049 0.040171146392822266
