0 0 0.02504873275756836 -0.02414947748184204 -0.2434844970703125 -0.07329845428466797 0.044408202171325684 -0.03110790252685547 0.01559758186340332
0 0 19.854324340820312 0.19437557458877563 35.96611022949219 0.7627651691436768 0.25137078762054443 0.25311124324798584 -4.843538165092468
1 0 25.90595245361328 0.2201661467552185 35.81570053100586 0.9759972095489502 0.33787357807159424 0.3496580123901367 -4.541437745094299
1 2 -0.5606117248535156 0.00899273157119751 -0.18725204467773438 0.14436054229736328 0.09600937366485596 -0.016173601150512695 -0.03979229927062988
2 3 -0.028540611267089844 -0.004423022270202637 0.17369842529296875 -0.07220697402954102 -0.006623983383178711 -0.011686086654663086 0.010537147521972656
2 4 -0.057408809661865234 -0.01643216609954834 0.01616668701171875 0.11416459083557129 0.08058571815490723 -0.005013108253479004 -0.06591808795928955
3 0 -0.02888631820678711 -0.010593593120574951 0.11902236938476562 -0.06033492088317871 0.016186833381652832 0.004090785980224609 0.04112982749938965
4 4 -0.07945871353149414 -0.008021712303161621 -0.18371200561523438 -0.15290594100952148 0.02117443084716797 -0.02622056007385254 0.11049818992614746
4 3 -0.11681509017944336 -0.00273209810256958 -0.4270477294921875 -0.4481925964355469 -0.055230021476745605 -0.05629527568817139 0.033548951148986816
5 2 0.10627937316894531 -0.013584434986114502 0.053009033203125 0.05231952667236328 0.027158498764038086 -0.03384995460510254 -0.0016047954559326172
