0 3 0.04557609558105469 0.016153573989868164 -0.05211973190307617 -0.05277538299560547 -0.020844697952270508 0.017873406410217285 -0.07584607601165771
0 0 15.83950424194336 0.24427181482315063 -3.7473907470703125 0.26212215423583984 0.0364377498626709 0.39666426181793213 -1.6841883659362793
1 1 -0.0008206367492675781 0.004264712333679199 0.11166763305664062 -0.006121635437011719 0.0010820627212524414 0.012495994567871094 -0.024615049362182617
1 0 21.893585205078125 0.26893121004104614 -3.8988685607910156 0.4741249084472656 0.12118172645568848 0.4945441484451294 -1.394676923751831
2 2 0.040390968322753906 0.01393592357635498 0.20941925048828125 -0.16624689102172852 -0.026647210121154785 0.02291238307952881 0.017216801643371582
2 5 -0.0025696754455566406 -0.12586361169815063 0.44781494140625 0.2063274383544922 0.09550201892852783 -0.2566012144088745 0.0016736984252929688
3 4 0.0374913215637207 -0.012385010719299316 0.12135696411132812 -0.12945556640625 0.004367351531982422 -0.04021561145782471 -0.0062438249588012695
3 3 0.13439083099365234 0.0018219351768493652 0.40758323669433594 -0.14378118515014648 -0.0008409023284912109 -0.026950359344482422 0.14234435558319092
4 0 -0.018304824829101562 0.011853933334350586 -0.0344085693359375 -0.13271760940551758 -0.022595763206481934 0.054564476013183594 0.09456956386566162
4 5 -0.06616449356079102 0.012328624725341797 -0.06844711303710938 -0.04152965545654297 -0.012032151222229004 0.015472173690795898 0.060382723808288574
4 2 -0.03300046920776367 0.030750036239624023 -0.2478485107421875 -0.23233628273010254 -0.08749449253082275 0.04995548725128174 0.03129374980926514
5 5 -0.019962787628173828 -0.08268827199935913 -0.43801116943359375 0.09501218795776367 0.05481112003326416 -0.16305434703826904 0.01856052875518799
