0 3 -0.2559833526611328 0.026339709758758545 -0.4141426086425781 -0.6890959739685059 -0.06066238880157471 -0.004722118377685547 0.13414478302001953
0 0 20.35272216796875 0.183396577835083 33.001861572265625 0.8997814655303955 0.25358378887176514 0.2389758825302124 -4.677966237068176
1 3 -0.15121841430664062 -0.05625331401824951 -0.0090789794921875 -0.7821836471557617 -0.10193908214569092 -0.12990403175354004 -0.08595561981201172
1 4 -0.028380393981933594 0.0006307363510131836 0.024383544921875 -0.09918069839477539 -0.014439940452575684 -0.011273622512817383 0.012446224689483643
1 0 26.068422317504883 0.3111739158630371 32.87558364868164 0.8023288249969482 0.3095647096633911 0.5111497640609741 -4.723121523857117
2 2 0.013844966888427734 -0.00042319297790527344 0.17926788330078125 -0.22110271453857422 -0.024663448333740234 0.016332626342773438 0.04511725902557373
2 1 0.012061119079589844 -0.10778725147247314 -0.2952308654785156 0.15241765975952148 0.10522019863128662 -0.22333872318267822 -0.0400087833404541
3 0 -0.03072500228881836 -0.00020462274551391602 0.05925750732421875 -0.06679153442382812 0.014648675918579102 0.004746556282043457 0.007516026496887207
4 1 -0.07881784439086914 0.009699702262878418 -0.0669403076171875 -0.06737279891967773 -0.02081906795501709 0.008301258087158203 0.06431782245635986
4 2 -0.07390928268432617 0.040185630321502686 -0.3567352294921875 -0.42167043685913086 -0.12296664714813232 0.09672045707702637 0.01767277717590332
