0 2 0.02667713165283203 -0.054257333278656006 -0.21037864685058594 -0.0018672943115234375 0.09309864044189453 -0.09277260303497314 0.052501797676086426
0 0 19.84383201599121 0.19521987438201904 -7.3222808837890625 0.7639172077178955 0.2531043291091919 0.2518068552017212 -4.831539154052734
1 0 25.89807891845703 0.2199210524559021 -7.473850250244141 0.9759891033172607 0.33787643909454346 0.34965288639068604 -4.541719913482666
1 2 -0.027092933654785156 -0.010046422481536865 0.2601337432861328 -0.1023101806640625 -0.02490055561065674 0.005713701248168945 -0.024399638175964355
1 3 -0.03230571746826172 -0.00033861398696899414 0.007007598876953125 -0.0964350700378418 0.023784637451171875 -0.04696094989776611 -0.09355080127716064
2 0 -0.014150142669677734 -0.006981551647186279 0.0968780517578125 0.01630878448486328 0.04837918281555176 0.008777260780334473 -0.033026933670043945
3 1 -0.02317333221435547 -0.007032632827758789 0.053680419921875 -0.03247261047363281 0.016834259033203125 -1.895427703857422e-05 -0.002083420753479004
3 2 0.01907825469970703 -0.01555854082107544 0.00533294677734375 -0.015629291534423828 -0.005828142166137695 0.004832029342651367 -0.022850871086120605
4 0 -0.011764049530029297 -0.0014684796333312988 -0.19695281982421875 -0.11196041107177734 -0.014998435974121094 -0.009768843650817871 0.04272723197937012
5 4 0.2724590301513672 -0.023579835891723633 0.0298614501953125 -0.3421497344970703 -0.049083709716796875 -0.05574655532836914 -0.021181845440878533
5 3 0.02654552459716797 0.00831139087677002 -0.24028778076171875 -0.2464146614074707 -0.0012309551239013672 -0.11158573627471924 -1.6879721283912659
