0 0 0.10970258712768555 0.04725104570388794 -0.33974266052246094 -0.4192037582397461 -0.13574254512786865 0.10404431819915771 -0.11591136455535889
0 0 19.85160255432129 0.2699429988861084 41.92749786376953 0.26212072372436523 0.03643202781677246 0.3966710567474365 -4.831248998641968
1 2 -0.06809043884277344 -0.007436990737915039 0.020572662353515625 -0.0348968505859375 0.0003590583801269531 -0.014024138450622559 -0.0037605762481689453
1 0 25.905670166015625 0.2946035861968994 41.77602767944336 0.4741249084472656 0.12118172645568848 0.4945441484451294 -4.541722774505615
2 4 -0.026047706604003906 -0.0622977614402771 0.27455902099609375 -0.16126537322998047 -0.002768278121948242 -0.07992005348205566 -0.005644083023071289
2 3 0.05020570755004883 -0.12257200479507446 0.21264266967773438 0.0662541389465332 0.07321643829345703 -0.22974824905395508 -0.013504505157470703
3 1 0.014293670654296875 -0.005489468574523926 0.08267593383789062 0.005395412445068359 -0.011641740798950195 -0.006221771240234375 0.014615178108215332
3 0 0.048456668853759766 0.011720716953277588 0.12661075592041016 -0.0484161376953125 -0.0028967857360839844 0.022690296173095703 0.008188605308532715
4 3 -0.004656791687011719 0.0064963698387146 -0.03985595703125 0.007575035095214844 0.001011967658996582 0.014713287353515625 0.026011943817138672
4 4 -0.05432939529418945 0.024222731590270996 -0.18033981323242188 -0.2572598457336426 -0.01777935028076172 0.08754372596740723 0.03911268711090088
