0 0 -25.327656269073486 -0.025335311889648438 36.83007049560547 1.4047322273254395 0.2974245548248291 -0.03035593032836914 -3.138197447595303
0 0 -5.5565338134765625 0.20870763063430786 11.52767562866211 0.8137550354003906 0.18941116333007812 0.2641032934188843 -3.2612529056641506
1 4 -0.0458989143371582 0.001395583152770996 0.00400543212890625 -0.013143062591552734 -0.0012211799621582031 9.107589721679688e-05 0.013685226440429688
1 0 0.4977607727050781 0.2334345579147339 11.37606430053711 1.0257725715637207 0.27418041229248047 0.3619403839111328 -2.97115566903085
2 3 -0.006549358367919922 -0.05417203903198242 0.14510345458984375 -0.5571160316467285 -0.058032989501953125 -0.11373591423034668 -0.007147312164306641
2 0 -25.602927684783936 0.07846313714981079 36.68678283691406 0.6236944198608398 0.0850609540939331 0.16921734809875488 1.6210355502989842
3 1 0.00505828857421875 -0.000507056713104248 0.07939529418945312 -0.05982542037963867 0.0021708011627197266 0.005632162094116211 -0.005148172378540039
4 2 0.01406717300415039 0.024132728576660156 -0.05933380126953125 0.03246450424194336 0.05300450325012207 0.023883581161499023 0.003851175308227539
4 3 -0.03594398498535156 0.008816838264465332 -0.3349456787109375 -0.7411408424377441 -0.17376434803009033 0.023501157760620117 0.042989253997802734
5 0 -0.10421943664550781 0.013801932334899902 0.005550384521484375 0.33861637115478516 0.0436936616897583 0.01966071128845215 0.03472385233908426
