0 0 0.04427909851074219 -0.011596202850341797 0.0595703125 0.1198430061340332 0.05752754211425781 -0.022365331649780273 6.169416427612305
0 0 10.40989875793457 -0.09978818893432617 15.715076446533203 0.07770299911499023 -0.04256558418273926 -0.18701684474945068 -0.26401734352111816
1 0 0.1298074722290039 -0.03625977039337158 -0.0585479736328125 -0.004597187042236328 -0.03151082992553711 -0.021778583526611328 -0.07772278785705566
1 3 0.031496524810791016 0.005047440528869629 0.07664871215820312 -0.021767139434814453 -0.0009894371032714844 0.010518431663513184 -0.024803876876831055
1 0 16.423389434814453 -0.040546417236328125 15.586753845214844 0.04589414596557617 0.025858163833618164 -0.07521402835845947 -0.10293865203857422
2 2 0.034060001373291016 0.002228677272796631 0.18103790283203125 -0.0620875358581543 0.006006717681884766 0.0102616548538208 0.02445685863494873
2 1 -0.031604766845703125 -0.04277002811431885 0.31058502197265625 -0.6860251426696777 -0.09914374351501465 -0.10194456577301025 -0.05456185340881348
2 0 0.2766857147216797 -0.22365927696228027 0.189239501953125 0.27592039108276367 -0.02406620979309082 -0.3231687545776367 0.0013132095336914062
4 1 -0.06443452835083008 0.000324249267578125 -0.08083343505859375 -0.09866189956665039 -0.013490915298461914 -0.00394439697265625 0.04002690315246582
4 2 -0.05464792251586914 0.06039386987686157 -0.22809600830078125 -0.4095776081085205 -0.15105605125427246 0.1159205436706543 0.051670074462890625
5 0 -0.11003971099853516 -0.23954832553863525 0.1067962646484375 0.16317033767700195 -0.0708317756652832 -0.3767421245574951 -0.010061264038085938
