0 1 0.009761810302734375 -0.04424941539764404 -0.32450008392333984 -0.3733639717102051 -0.04522299766540527 -0.09591233730316162 -0.02840602397918701
0 6 0.1691751480102539 0.028394758701324463 -0.5333900451660156 -0.43618321418762207 -0.09769213199615479 0.08406341075897217 -0.16631603240966797
0 0 20.004446029663086 -0.06488776206970215 -17.058231353759766 -0.032792091369628906 -0.03311419486999512 -0.2447516918182373 -4.820427179336548
1 0 26.045324325561523 -0.03730332851409912 -17.206378936767578 0.17557191848754883 0.05358695983886719 -0.1412982940673828 -4.542130470275879
1 2 -0.4622993469238281 -0.013381421566009521 0.070831298828125 -0.8308086395263672 -0.16184711456298828 -0.019956231117248535 -6.145169258117676
2 0 0.0372462272644043 -0.02075374126434326 0.21689605712890625 -0.01739501953125 -0.019877195358276367 -0.037651658058166504 0.039876699447631836
2 4 0.0027980804443359375 -0.13969165086746216 0.2783851623535156 0.22863483428955078 0.13931429386138916 -0.28058457374572754 -0.01289355754852295
3 3 -0.020412445068359375 -0.004053056240081787 0.026371002197265625 -0.047217607498168945 -0.011304736137390137 0.005611300468444824 -0.0014532804489135742
3 6 0.01779460906982422 0.004685103893280029 0.17976760864257812 -0.050024986267089844 0.0030841827392578125 0.020102977752685547 0.02160060405731201
3 1 0.0805826187133789 -0.014253675937652588 0.4974384307861328 -0.4082183837890625 -0.12815535068511963 0.05064952373504639 0.08450162410736084
4 4 -0.05276918411254883 0.007559537887573242 -0.07453536987304688 -0.0316615104675293 -0.0024503469467163086 0.0050084590911865234 0.06875598430633545
4 0 0.015694141387939453 -0.031872451305389404 -0.18524169921875 -0.014689445495605469 -0.018396377563476562 -0.06803059577941895 -0.019217848777770996
5 4 -0.04090547561645508 -0.0779106616973877 -0.5614433288574219 0.10816478729248047 0.057141900062561035 -0.1625591516494751 0.0006285905838012695
