0 0 15.350168228149414 0.1436166763305664 3.9653854370117188 -0.3705739974975586 0.03697371482849121 0.11880731582641602 -1.8447078466415405
1 6 -0.016982555389404297 0.0058934688568115234 0.036670684814453125 -0.017282485961914062 0.0008547306060791016 0.0027379989624023438 -0.006525278091430664
1 0 -0.0063343048095703125 -0.0028968453407287598 -0.039150238037109375 -0.02113056182861328 -0.0019466876983642578 0.0042716264724731445 -0.023736953735351562
1 0 21.400211334228516 0.16746282577514648 3.8166427612304688 -0.15944242477416992 0.1211848258972168 0.2163395881652832 -1.554967999458313
1 1 -0.6979484558105469 -0.010384440422058105 -0.0161590576171875 -1.2328970432281494 -0.23291170597076416 -0.03015124797821045 -6.244009971618652
2 3 0.012277603149414062 -0.003140389919281006 0.08638763427734375 -0.02166128158569336 0.00576937198638916 -0.004979729652404785 0.023231863975524902
2 5 0.019239425659179688 0.050862133502960205 0.31341552734375 -0.44832301139831543 -0.12035548686981201 0.09723436832427979 -0.013822555541992188
3 4 0.017816543579101562 0.0028635263442993164 -0.023748397827148438 -0.016349077224731445 -0.016460180282592773 0.0016961097717285156 0.015749692916870117
4 5 0.0010576248168945312 0.0009440779685974121 -0.1224365234375 -0.009226799011230469 0.04898548126220703 0.014379620552062988 0.01004791259765625
4 3 -0.046660423278808594 0.007557570934295654 -0.34952545166015625 0.08695411682128906 0.005073070526123047 -0.004432320594787598 -0.06334114074707031
5 2 0.039302825927734375 0.01965111494064331 0.003711700439453125 0.01770162582397461 -0.0013844966888427734 0.038263559341430664 0.05167371756397188
