0 1 0.07428550720214844 0.02896440029144287 -0.1679677963256836 -0.33034372329711914 -0.06302762031555176 0.09390151500701904 -0.11500823497772217
0 0 -10.929620742797852 0.24605417251586914 11.168716430664062 0.39161252975463867 0.034722328186035156 0.380695104598999 -3.1088580327195814
1 2 0.017751693725585938 -0.0014255046844482422 -0.0147247314453125 -0.021904468536376953 -0.012053728103637695 -0.019650936126708984 -0.017721056938171387
1 0 -5.418392181396484 0.2946895956993103 11.317066192626953 0.47411060333251953 0.1211860179901123 0.49453675746917725 -2.971171541707008
3 4 0.01634359359741211 -0.0025804638862609863 0.03246879577636719 -0.02570199966430664 0.00028443336486816406 -0.007520556449890137 0.0003477334976196289
3 1 0.07060527801513672 0.03817188739776611 0.3528280258178711 -0.4511563777923584 -0.12003624439239502 0.08946394920349121 0.3303300142288208
4 5 -0.013818740844726562 0.007400333881378174 -0.008823394775390625 0.010960102081298828 -0.0014538764953613281 0.0035865306854248047 -0.009320735931396484
5 0 0.02703857421875 0.005941867828369141 0.029888153076171875 -0.05124235153198242 0.009103059768676758 -0.003232121467590332 0.011074201567680575
5 2 -0.12339544296264648 -0.21924352645874023 0.7774810791015625 0.24965763092041016 -0.043421030044555664 -0.4139406681060791 0.07529866695404053
5 3 0.2234020233154297 -0.056825876235961914 0.052093505859375 -0.03496408462524414 0.04833626747131348 -0.1354215145111084 0.05532110354397446
