0 0 19.844196319580078 0.12830406427383423 -14.837539672851562 -0.3715672492980957 0.03619813919067383 0.1186060905456543 -4.832357406616211
1 1 -0.024046897888183594 0.001126706600189209 0.028411865234375 0.051642656326293945 0.039765119552612305 0.004384040832519531 0.01454317569732666
1 0 25.897737503051758 0.15304571390151978 -14.98880386352539 -0.15944385528564453 0.12118029594421387 0.21634340286254883 -4.541710376739502
1 3 -0.12030410766601562 0.05448347330093384 0.13329696655273438 -0.36405229568481445 -0.11257362365722656 0.10982763767242432 -6.087414264678955
2 0 0.05948591232299805 -0.04744315147399902 0.01263427734375 -0.031219959259033203 -0.012209653854370117 -0.004493236541748047 0.025780558586120605
4 4 -0.019242286682128906 -0.0006064176559448242 -0.08594131469726562 -0.05365133285522461 -0.02371823787689209 0.015674114227294922 0.013727784156799316
4 0 -0.12941408157348633 -0.026794791221618652 -0.547210693359375 -0.7912387847900391 -0.1053391695022583 -0.05968880653381348 0.08444869518280029
5 2 -0.015087127685546875 0.01661306619644165 0.07959747314453125 0.10184264183044434 -0.015694022178649902 0.020901203155517578 -0.03666246189823141
5 4 -0.47249460220336914 -0.02458125352859497 -0.3697662353515625 -0.942004919052124 -0.11815130710601807 -0.15592193603515625 -1.5734822750091553
5 3 0.25734710693359375 0.027596712112426758 0.18890380859375 -0.3703160285949707 -0.0955209732055664 0.04764664173126221 -6.166110038757324
