0 6 0.1384449005126953 -0.027559638023376465 -0.11233806610107422 -0.016462326049804688 -0.030519962310791016 -0.034226059913635254 -0.008371472358703613
0 5 0.28272056579589844 -0.038487911224365234 -0.1219482421875 0.09638023376464844 0.05936229228973389 -0.1060023307800293 -6.103621959686279
0 0 19.789752960205078 0.20855432748794556 10.220184326171875 0.8131113052368164 0.1886920928955078 0.2646515369415283 -4.835819959640503
1 0 -0.04072284698486328 0.005007565021514893 0.019557952880859375 0.0005033016204833984 0.010637044906616211 0.017470359802246094 -0.025266051292419434
1 0 25.842336654663086 0.23349934816360474 10.06894302368164 1.0257625579833984 0.27416443824768066 0.36192893981933594 -4.541714906692505
1 5 0.33577537536621094 -0.028160035610198975 -0.09515762329101562 0.09298992156982422 0.10272729396820068 -0.09716534614562988 -6.222244501113892
2 2 0.05764436721801758 -0.006953120231628418 0.16387939453125 -0.014345645904541016 -0.013957738876342773 -0.021126747131347656 0.02899181842803955
3 6 0.033261775970458984 -0.05054086446762085 0.27179718017578125 -0.057706356048583984 -0.05568742752075195 -0.06767714023590088 -0.0740818977355957
4 3 0.005497932434082031 -0.001884758472442627 0.0229034423828125 -0.013267993927001953 0.00022792816162109375 0.0034657716751098633 0.03240060806274414
4 4 -0.09782075881958008 0.046528637409210205 -0.274505615234375 -0.39659976959228516 -0.15120458602905273 0.09466004371643066 0.055364370346069336
4 2 -0.011118888854980469 -0.016239523887634277 -0.09688568115234375 0.0216064453125 -0.0030951499938964844 -0.055748581886291504 0.016997694969177246
5 1 0.15755844116210938 0.0018824338912963867 -0.018932342529296875 -0.04661130905151367 -0.00835418701171875 0.0032186508178710938 0.009442831273190677
5 5 0.18448638916015625 -0.009531855583190918 0.1295928955078125 -0.0060367584228515625 0.030353903770446777 -0.039136409759521484 -6.216189384460449
