0 0 0.10194635391235352 0.04754066467285156 -0.3406524658203125 -0.48264431953430176 -0.14503347873687744 0.10668981075286865 -0.1280912160873413
0 0 19.85477066040039 0.26913779973983765 40.594642639160156 0.2623481750488281 0.03508877754211426 0.39721739292144775 -4.841524004936218
1 4 -0.026502132415771484 0.003999650478363037 -0.06837081909179688 -0.010901927947998047 -0.01705622673034668 0.01152944564819336 0.013858199119567871
1 0 25.905494689941406 0.29456740617752075 40.44550704956055 0.4741249084472656 0.12118172645568848 0.4945441484451294 -4.541722416877747
1 1 -0.21479415893554688 -0.0664057731628418 -0.06512832641601562 0.10564088821411133 0.06523096561431885 -0.1269930601119995 0.1333174705505371
1 3 -0.42420005798339844 -0.14482426643371582 -0.2087249755859375 0.15200567245483398 -0.07394909858703613 -0.38089847564697266 2.1741519570350647
2 4 0.08219242095947266 -0.15075725317001343 0.29497528076171875 0.1548171043395996 0.11541211605072021 -0.30343568325042725 0.003709077835083008
3 0 0.024333477020263672 -0.0008362531661987305 0.1307525634765625 -0.08206510543823242 0.007842063903808594 0.002779841423034668 -0.015765786170959473
3 2 0.020682334899902344 -0.0005837678909301758 0.11493492126464844 -0.012258529663085938 -0.004710674285888672 0.00784444808959961 0.02025437355041504
4 4 -0.032824039459228516 -0.08128589391708374 0.3727264404296875 0.0799570083618164 0.0015560388565063477 -0.154213547706604 -0.04134654998779297
5 3 -0.04399871826171875 -0.0258786678314209 0.06402969360351562 -0.030215740203857422 -0.02395009994506836 -0.04971468448638916 -0.0030901432037353516
5 1 1.178812026977539 -0.08259522914886475 -0.4637107849121094 -0.026508331298828125 0.0056983232498168945 -0.1356644630432129 1.8505643606185913
