0 4 0.06969738006591797 -0.025238037109375 -0.2616415023803711 -0.36782407760620117 -0.02084040641784668 -0.08178079128265381 -0.09672319889068604
0 0 15.844987869262695 0.16060763597488403 -5.571220397949219 -0.3714427947998047 0.03643178939819336 0.11847984790802002 -1.6896557807922363
1 2 -0.05706501007080078 0.001547396183013916 -0.0628509521484375 -0.002388477325439453 -0.006109476089477539 0.014972686767578125 0.005989789962768555
1 0 21.89905548095703 0.18526828289031982 -5.722690582275391 -0.1594386100769043 0.12118172645568848 0.2163527011871338 -1.400129795074463
2 3 -0.08622598648071289 -0.1379489302635193 -0.0062713623046875 0.14638996124267578 0.09761703014373779 -0.24231767654418945 -0.019113659858703613
3 1 0.020296096801757812 -0.006032824516296387 0.10325241088867188 0.0007805824279785156 0.0071179866790771484 -0.007375001907348633 -0.0068672895431518555
3 4 0.09810447692871094 -0.010941863059997559 0.5780515670776367 -1.0466148853302002 -0.19104361534118652 -0.09755516052246094 0.09716641902923584
4 3 -0.04340171813964844 0.014506220817565918 -0.08268356323242188 4.4345855712890625e-05 -0.001412510871887207 0.025368213653564453 0.05129659175872803
4 0 -0.021836280822753906 0.004289388656616211 -0.07859039306640625 -0.0951986312866211 -0.006243228912353516 -0.02227473258972168 -0.008023619651794434
5 3 -0.0632028579711914 -0.14731824398040771 -0.2673301696777344 0.2890348434448242 0.1356436014175415 -0.31290245056152344 -0.03804671764373779
