0 0 15.844339370727539 -0.0648350715637207 -10.339363098144531 -0.036431312561035156 -0.031162500381469727 -0.23916971683502197 -1.6896553039550781
1 4 -0.011313438415527344 -0.009699642658233643 0.12424468994140625 -0.09096002578735352 0.001953125 -0.03017890453338623 -0.05048871040344238
1 0 21.898406982421875 -0.04017448425292969 -10.490833282470703 0.17557239532470703 0.053586721420288086 -0.14129674434661865 -1.400129795074463
1 1 -0.07062864303588867 0.007973849773406982 -0.24828338623046875 -0.6245293617248535 -0.12098860740661621 -0.037819743156433105 0.00359189510345459
2 3 -0.04564523696899414 -0.06350547075271606 0.21031951904296875 -0.48090410232543945 -0.0008449554443359375 -0.20657575130462646 -0.11899971961975098
2 0 0.15682029724121094 -0.07983249425888062 0.1687774658203125 -0.043084144592285156 -0.09042882919311523 -0.11254692077636719 0.09109199047088623
3 2 0.04150056838989258 0.0016168951988220215 -0.022478103637695312 -0.06252646446228027 -0.021402597427368164 0.009572029113769531 0.02307116985321045
4 3 -0.0650320053100586 -0.00016945600509643555 -0.033771514892578125 -0.3433399200439453 -0.0648813247680664 -0.03496253490447998 0.07832217216491699
4 1 0.058223724365234375 -0.028703927993774414 0.2590141296386719 -0.644618034362793 -0.08019328117370605 -0.11468911170959473 -0.018610119819641113
4 0 -0.03566932678222656 -0.0021698474884033203 -0.15615081787109375 -0.008324623107910156 -0.01253962516784668 -0.02257394790649414 0.006543517112731934
5 0 31.180007934570312 -0.2120274305343628 -21.730297088623047 0.022116661071777344 -0.14649510383605957 -0.32926785945892334 1.7102797478437424
