0 6 0.14157438278198242 -0.053521037101745605 -0.20271682739257812 -0.07051897048950195 -0.07018589973449707 -0.0963594913482666 -0.10215127468109131
0 0 15.840204238891602 -0.07976210117340088 -5.399913787841797 -0.0351252555847168 -0.03138136863708496 -0.23916363716125488 -1.6864526271820068
1 4 -0.03705263137817383 -0.013641417026519775 0.11065292358398438 -0.09650659561157227 -0.00023412704467773438 -0.03647339344024658 -0.01299142837524414
1 2 -0.01317453384399414 0.007631421089172363 0.04864501953125 -0.012476682662963867 -0.008223176002502441 0.011020183563232422 -0.03100287914276123
1 0 22.074077606201172 -0.025457382202148438 -5.605216979980469 0.045894622802734375 0.025858163833618164 -0.07521402835845947 -1.5901837348937988
1 5 -0.35540771484375 -0.015689313411712646 0.05382537841796875 -0.5213756561279297 -0.07767701148986816 -0.05816054344177246 -6.1952338218688965
2 3 0.19620752334594727 -0.06600290536880493 0.07615280151367188 -0.5216426849365234 -0.0965350866317749 -0.1594524383544922 -0.5312249660491943
3 6 0.047548770904541016 -0.01649785041809082 0.20667457580566406 -0.028969287872314453 -0.0334930419921875 -0.0362398624420166 0.01659238338470459
4 1 0.022591114044189453 -0.0013840198516845703 0.06911849975585938 -0.009476661682128906 0.019216299057006836 -0.018045544624328613 -0.022301554679870605
4 0 -0.025201797485351562 -0.009513258934020996 -0.10766983032226562 -0.01061868667602539 0.004814863204956055 -0.0018277168273925781 -0.016556382179260254
4 3 -0.18113112449645996 0.0499117374420166 0.06156158447265625 -0.4010753631591797 -0.11761176586151123 0.05550563335418701 0.057476043701171875
5 7 0.07987213134765625 -0.02109706401824951 0.05306243896484375 9.632110595703125e-05 -0.030822277069091797 -0.02082061767578125 -0.1050267219543457
