0 0 15.842832565307617 -0.07579106092453003 -5.184795379638672 -0.0350799560546875 -0.03133749961853027 -0.23915958404541016 -1.6899206638336182
1 0 21.894683837890625 -0.051075875759124756 -5.335971832275391 0.17557287216186523 0.05358743667602539 -0.1412966251373291 -1.396770715713501
1 3 -0.9973869323730469 -0.1440058946609497 -0.08492279052734375 0.09510326385498047 -0.04323005676269531 -0.2604013681411743 -6.1394500732421875
1 1 -0.5218238830566406 -0.0138319730758667 0.06574630737304688 -0.9089381694793701 -0.13604772090911865 -0.09468960762023926 -6.198387384414673
2 2 0.0540776252746582 -0.09505939483642578 0.27652740478515625 -0.03053569793701172 -0.08442950248718262 -0.1683194637298584 -0.039698004722595215
2 0 0.05208396911621094 -0.12249386310577393 0.3110466003417969 -0.07157421112060547 -0.09476923942565918 -0.1810516119003296 -0.05014979839324951
4 2 0.03697919845581055 0.0261080265045166 -0.08649826049804688 0.004618167877197266 0.0521855354309082 0.033144235610961914 0.00916600227355957
4 0 -0.04138374328613281 -0.003093123435974121 -0.06305313110351562 0.0035810470581054688 0.012584447860717773 -0.004679203033447266 -0.001338362693786621
5 3 0.017927169799804688 -0.037061095237731934 0.065521240234375 -0.0035233497619628906 -0.034458160400390625 -0.06158733367919922 -6.275522708892822
5 2 -0.026831626892089844 -0.13537287712097168 -0.6532173156738281 0.0031986236572265625 -0.07162928581237793 -0.2740945816040039 -0.00849008560180664
