0 1 0.1504364013671875 -0.08426350355148315 -0.3210582733154297 -0.09139013290405273 -0.09851741790771484 -0.13283610343933105 -0.11486458778381348
0 3 0.036839962005615234 -0.00676119327545166 -0.1939229965209961 -0.07736921310424805 0.040274858474731445 -0.002147078514099121 -0.08329415321350098
0 0 -2.5481433868408203 0.2129996418952942 15.470882415771484 -0.42635011672973633 -0.06676745414733887 0.26428496837615967 -0.12012338638305664
1 4 -0.03332853317260742 0.00020354986190795898 0.045619964599609375 -0.03319692611694336 0.009403228759765625 0.009408950805664062 -0.00021898746490478516
1 0 3.505521774291992 0.2376866340637207 15.319454193115234 -0.21419763565063477 0.01810312271118164 0.36194944381713867 0.17048001289367676
2 1 -0.2148575782775879 -0.2357611060142517 0.7412872314453125 0.11112642288208008 -0.042092084884643555 -0.44284939765930176 0.05019032955169678
3 3 -0.002330303192138672 0.005093753337860107 0.03488731384277344 0.07643914222717285 0.022096872329711914 0.02245330810546875 -0.0019654035568237305
3 1 0.04603004455566406 -0.010947942733764648 0.18723487854003906 -0.023040771484375 -0.01389622688293457 -0.017446279525756836 0.0025599002838134766
4 2 -0.024773597717285156 -0.00873565673828125 -0.0416412353515625 -0.062102317810058594 -0.009532690048217773 -0.004769086837768555 -0.005286455154418945
5 0 0.3768272399902344 0.005996048450469971 0.08979034423828125 -0.701446533203125 -0.17513346672058105 0.02616286277770996 0.004918098449707031
