0 1 0.01726818084716797 -0.007143735885620117 -0.12844562530517578 -0.0008597373962402344 -0.0007658004760742188 -0.029716134071350098 -0.01408529281616211
0 0 20.333293914794922 0.2091662883758545 10.442977905273438 -0.31173276901245117 -0.06404638290405273 0.2661728858947754 -4.731011629104614
1 0 -0.0368194580078125 0.0043967366218566895 0.029697418212890625 -0.017810344696044922 -0.010705709457397461 0.012158870697021484 0.007486104965209961
1 0 25.8985652923584 0.2421398162841797 10.54693603515625 -0.2119312286376953 0.018491029739379883 0.36214375495910645 -4.545727014541626
2 5 0.0016689300537109375 -0.018238425254821777 0.18555450439453125 -0.07178306579589844 0.020972013473510742 -0.020929694175720215 -0.009684085845947266
3 4 -0.060143470764160156 -0.014260292053222656 0.12063217163085938 0.020246028900146484 0.037888169288635254 -0.0052318572998046875 0.028385043144226074
3 2 0.052411556243896484 -0.010257482528686523 0.09441184997558594 -0.009665966033935547 -0.010081768035888672 -0.016448974609375 0.026474595069885254
4 3 -0.022253990173339844 -0.014249444007873535 -0.06061553955078125 -0.055782318115234375 -0.008653879165649414 0.0006046295166015625 0.0020803213119506836
4 5 -0.04565715789794922 0.05081522464752197 -0.33843994140625 -0.43033647537231445 -0.16599464416503906 0.11188662052154541 0.06721615791320801
5 3 -0.18336963653564453 0.009443283081054688 -0.12597274780273438 -0.25925683975219727 -0.06434822082519531 0.011927247047424316 0.22396504878997803
