0 0 15.742319107055664 0.17536455392837524 20.952049255371094 0.8137669563293457 0.18941950798034668 0.2640650272369385 -1.6973717212677002
0 0 -4.039095878601074 -0.058412015438079834 46.264862060546875 1.4100594520568848 0.30275774002075195 -0.029034137725830078 -1.590674638748169
1 0 -0.07810401916503906 -0.0013090968132019043 0.10608291625976562 -0.07553982734680176 0.004342079162597656 -0.004509329795837402 -0.09674012660980225
1 0 21.796358108520508 0.20003235340118408 20.80060577392578 1.0258049964904785 0.2741813659667969 0.36196231842041016 -1.4078867435455322
2 2 0.014659881591796875 -0.006005704402923584 0.019683837890625 0.009163379669189453 0.007035255432128906 -0.011190176010131836 0.06326305866241455
2 0 -4.335358142852783 0.06824743747711182 46.14863586425781 0.8051438331604004 0.10766386985778809 0.22908973693847656 3.1975096464157104
2 1 0.019755840301513672 -0.014569699764251709 0.0530242919921875 0.0393521785736084 0.02972865104675293 -0.02144169807434082 -0.01891458034515381
3 3 0.0103759765625 0.009580373764038086 0.07213783264160156 -0.1516251564025879 -0.03306400775909424 0.025307059288024902 0.03035879135131836
3 0 0.06782054901123047 -0.025026559829711914 -0.30892181396484375 -0.10578489303588867 0.03523850440979004 -0.010793805122375488 -0.03407490253448486
4 1 -0.03476524353027344 0.004831850528717041 -0.005397796630859375 0.00984954833984375 -0.019491195678710938 0.006161093711853027 0.006553292274475098
4 2 -0.10051870346069336 -0.0035659074783325195 -0.2386474609375 -0.10523200035095215 -0.03924548625946045 -0.015539288520812988 0.09255146980285645
4 0 -4.250905990600586 -0.02228492498397827 46.18400573730469 0.2415785789489746 0.018863439559936523 0.04064059257507324 2.6835497617721558
