0 2 0.028889179229736328 -0.005537867546081543 -0.45810890197753906 -0.32847118377685547 -0.0687868595123291 0.0027310848236083984 -0.027345776557922363
0 1 -0.20196914672851562 -0.08482062816619873 -0.08459854125976562 0.06667613983154297 -0.008208274841308594 -0.1459505558013916 -0.11876893043518066
0 0 19.98758888244629 0.20748406648635864 -11.785621643066406 0.8121004104614258 0.18692898750305176 0.26550614833831787 -4.848294496536255
1 3 -0.0009493827819824219 0.001446545124053955 0.027462005615234375 -0.011249065399169922 -0.0023102760314941406 0.0065708160400390625 -0.030331969261169434
1 0 26.036277770996094 0.23371660709381104 -11.933353424072266 1.025771141052246 0.2741694450378418 0.36193788051605225 -4.543931007385254
1 1 -0.5427455902099609 -0.049847304821014404 -0.09940719604492188 -0.005039691925048828 0.003685474395751953 -0.13365018367767334 -6.129128932952881
2 5 -0.024868488311767578 0.014995098114013672 0.15424346923828125 -0.017081737518310547 0.008973121643066406 0.01163339614868164 -0.0042264461517333984
2 0 0.061646461486816406 -0.006253421306610107 0.12734222412109375 0.04257345199584961 0.02943599224090576 -0.008119463920593262 0.06053602695465088
3 2 -0.006027698516845703 -0.006653726100921631 0.11869239807128906 -0.04159832000732422 -0.008340597152709961 -0.0004551410675048828 -0.006856322288513184
4 4 -0.02497100830078125 0.0008816123008728027 -0.002193450927734375 -0.06052112579345703 -0.014795899391174316 0.007170200347900391 -0.005546689033508301
4 5 -0.06991100311279297 -0.1114875078201294 -0.36679840087890625 -0.048473358154296875 -0.10963428020477295 -0.2018442153930664 -0.04683566093444824
4 0 -0.06783819198608398 -0.0024257898330688477 -0.2716217041015625 -0.13210153579711914 -0.013972163200378418 -0.007935047149658203 0.053087830543518066
5 1 0.0027027130126953125 -0.08201205730438232 0.14903640747070312 0.046006202697753906 -0.008555173873901367 -0.14139306545257568 -6.2835681438446045
5 4 -0.4865550994873047 -0.03498584032058716 -0.4508056640625 -0.8528413772583008 -0.08001422882080078 -0.18611609935760498 -1.66062331199646
