0 0 0.10886573791503906 -0.026104092597961426 -0.08820724487304688 -0.02564096450805664 -0.07209110260009766 -0.06424975395202637 0.48687732219696045
0 1 0.07148885726928711 -0.01242905855178833 -0.4378986358642578 -0.04550933837890625 0.05953788757324219 -0.012789130210876465 -0.032886624336242676
0 0 16.1861629486084 -0.07626199722290039 36.438499450683594 0.09792470932006836 -0.027474403381347656 -0.24813711643218994 -1.5949649810791016
1 0 21.754776000976562 -0.03507047891616821 36.537052154541016 0.17557191848754883 0.05359029769897461 -0.1412951946258545 -1.400066614151001
1 4 -0.009387493133544922 0.02621281147003174 -0.23119735717773438 -0.3152003288269043 -0.07007908821105957 0.05986166000366211 -0.02132892608642578
1 2 -0.2665882110595703 0.014975428581237793 0.006916046142578125 -0.3545494079589844 -0.0345156192779541 0.024895548820495605 -0.0066930800676345825
2 3 0.1020669937133789 0.010043203830718994 0.5955772399902344 -0.6566123962402344 -0.09198284149169922 0.03590071201324463 0.09012019634246826
3 1 -0.03467702865600586 -0.009873807430267334 0.09510231018066406 -0.03312802314758301 0.008565783500671387 0.0004279613494873047 0.01401984691619873
3 0 0.038055419921875 -0.032112956047058105 0.149627685546875 -0.02236461639404297 -0.04136514663696289 -0.04394650459289551 0.05844318866729736
4 3 0.009922981262207031 0.001506209373474121 -0.03104400634765625 -0.15723609924316406 -0.029377341270446777 0.060935139656066895 0.030288338661193848
4 4 0.019832611083984375 -0.007980048656463623 0.35796356201171875 -0.6496453285217285 -0.1305544376373291 -0.02675044536590576 -0.012758970260620117
