0 2 0.10677766799926758 -0.026714026927947998 -0.34552860260009766 -0.033356666564941406 0.025650501251220703 -0.04514431953430176 -0.10463237762451172
0 0 20.071550369262695 0.17146778106689453 19.6669921875 -0.25673389434814453 0.025234222412109375 0.17056000232696533 -4.899265289306641
1 0 -0.0306854248046875 -0.022005319595336914 0.17486572265625 -0.36855030059814453 -0.044762611389160156 -0.07193398475646973 -0.03197956085205078
1 0 24.555980682373047 0.13898968696594238 19.44476318359375 -0.21860027313232422 0.037596702575683594 0.16580212116241455 -4.452075242996216
1 4 0.005265235900878906 0.011654376983642578 0.021129608154296875 -0.06305837631225586 0.06430172920227051 0.02021050453186035 0.06488943099975586
2 1 0.03344297409057617 -0.036374568939208984 0.14801788330078125 0.01606273651123047 0.022475123405456543 -0.07483673095703125 0.017490744590759277
3 3 0.011119842529296875 -0.005064964294433594 0.08219146728515625 -0.014400005340576172 0.008956432342529297 -0.006359219551086426 -0.004282832145690918
3 2 0.016328811645507812 -0.01775205135345459 0.030843734741210938 -0.04606485366821289 -0.013890624046325684 -0.03800547122955322 -0.016910314559936523
4 5 -0.0904698371887207 -0.003634631633758545 -0.10009384155273438 -0.07260394096374512 0.014807701110839844 -0.012156367301940918 0.09503185749053955
4 1 -0.11214113235473633 -0.025146424770355225 -0.25415802001953125 0.011951446533203125 0.015233755111694336 -0.054764389991760254 0.08590912818908691
