0 0 19.84048080444336 0.04310566186904907 5.334354400634766 -0.037471771240234375 0.12553274631500244 -0.09978485107421875 -4.832039952278137
1 0 -0.009175300598144531 -0.0036145448684692383 -0.020092010498046875 0.009240150451660156 -0.01239013671875 0.004457831382751465 0.01846480369567871
1 3 0.005851268768310547 -0.007993698120117188 0.12275314331054688 0.014718770980834961 0.01905083656311035 0.01745164394378662 0.022457242012023926
1 0 25.89446258544922 0.06777423620223999 5.182857513427734 0.17461872100830078 0.21032178401947021 -0.001979351043701172 -4.542133212089539
2 2 -0.012022972106933594 -0.016765117645263672 0.26816558837890625 -0.23773622512817383 -0.03192901611328125 -0.04219365119934082 0.01968979835510254
2 0 0.08940410614013672 -0.15272670984268188 0.5016670227050781 0.08417797088623047 0.09289467334747314 -0.32159316539764404 0.01738739013671875
3 3 0.023662567138671875 0.0029293298721313477 -0.17860031127929688 -0.04130148887634277 -0.0511702299118042 0.01174914836883545 -0.03556489944458008
4 1 -0.011145591735839844 0.01859813928604126 -0.0150604248046875 -0.1960439682006836 -0.05230271816253662 0.0787273645401001 0.020154476165771484
4 2 -0.10582876205444336 -0.0044403076171875 -0.513092041015625 -0.6440396308898926 -0.08215117454528809 -0.07971227169036865 0.05538976192474365
4 0 0.08489227294921875 -0.11139780282974243 0.4828300476074219 -0.09041690826416016 -0.01824319362640381 -0.2251652479171753 -0.045009493827819824
