0 2 -0.361785888671875 -0.06782668828964233 -0.17457199096679688 0.17739391326904297 0.09090101718902588 -0.1306133270263672 -0.0162200927734375
0 0 15.911273956298828 0.2104223370552063 -15.924674987792969 0.8107914924621582 0.18889641761779785 0.26534736156463623 -1.6908824443817139
1 1 -4.291534423828125e-05 -0.023159146308898926 0.07963943481445312 0.002288341522216797 -0.022513628005981445 -0.012276411056518555 -0.0024056434631347656
1 0 21.956771850585938 0.2335013747215271 -16.071704864501953 1.025771141052246 0.2741694450378418 0.36193788051605225 -1.4001286029815674
1 2 -0.26617431640625 -0.05757957696914673 0.02573394775390625 -0.006791591644287109 0.006746649742126465 -0.08567547798156738 0.0851132869720459
2 0 0.07972335815429688 0.002146482467651367 0.2698974609375 -0.2233734130859375 -0.03618896007537842 -0.002124786376953125 0.01942145824432373
2 4 0.07174396514892578 -0.08855706453323364 -0.0874786376953125 -0.018550395965576172 -0.0711820125579834 -0.15397679805755615 -0.06991887092590332
4 4 0.021725177764892578 0.02164638042449951 -0.1202850341796875 0.019281864166259766 0.05953335762023926 0.021780967712402344 0.02222132682800293
4 3 -0.018296241760253906 0.0017825961112976074 -0.16277313232421875 -0.05888032913208008 -0.008706808090209961 -0.003701448440551758 0.008654236793518066
4 0 0.01830291748046875 0.028475582599639893 0.02765655517578125 0.0476841926574707 -0.011268377304077148 0.019361376762390137 0.04772841930389404
5 4 0.009623050689697266 -0.1176602840423584 -0.21000289916992188 0.01209402084350586 -0.10184788703918457 -0.1915191411972046 0.012555718421936035
