0 0 20.017353057861328 0.1793850064277649 7.175220489501953 -0.3714456558227539 0.03642916679382324 0.11848151683807373 -4.627195239067078
1 0 -0.06617069244384766 -0.006091892719268799 -0.044097900390625 0.0006570816040039062 0.01398015022277832 -0.02486276626586914 0.028273344039916992
1 0 26.071388244628906 0.20405149459838867 7.023773193359375 -0.15941905975341797 0.12118768692016602 0.2163710594177246 -4.337708830833435
1 4 0.23768043518066406 0.03809916973114014 -0.07496261596679688 0.9523675441741943 0.2325376272201538 0.10270369052886963 0.05620145797729492
2 2 -0.0027074813842773438 0.00429224967956543 0.1053009033203125 -0.012261390686035156 0.0061414241790771484 0.0075054168701171875 0.01324474811553955
2 3 0.004586219787597656 -0.00028818845748901367 0.17999649047851562 -0.08847403526306152 0.025624513626098633 -0.004379868507385254 0.03708326816558838
3 1 -0.035540103912353516 -0.003430008888244629 0.024152755737304688 -0.02396416664123535 -0.0007630586624145508 0.0024145841598510742 0.0027312040328979492
4 3 0.00273895263671875 -0.00553584098815918 -0.10708236694335938 -0.1335585117340088 0.020008087158203125 -0.0087738037109375 0.06104099750518799
4 2 -0.07055950164794922 -0.1524949073791504 -0.38762664794921875 0.070159912109375 -0.09284746646881104 -0.25013864040374756 0.03064906597137451
5 4 -0.00504302978515625 -0.01620173454284668 -0.008014678955078125 -0.0011334419250488281 0.042563557624816895 -0.029501795768737793 -0.028494834899902344
