0 2 0.0023241043090820312 -0.0034198760986328125 -0.05786323547363281 -0.09042978286743164 0.012774944305419922 0.010975122451782227 -0.023203492164611816
0 0 19.986923217773438 0.27030158042907715 -11.102890014648438 0.26350879669189453 0.03681135177612305 0.39691364765167236 -4.83356785774231
1 0 26.037023544311523 0.2943783402442932 -11.250465393066406 0.47412633895874023 0.12119483947753906 0.4945352077484131 -4.543111324310303
2 0 -0.01435995101928711 0.007955431938171387 0.217529296875 -0.03743553161621094 -0.009441733360290527 0.030886054039001465 0.007417201995849609
2 1 -0.014644622802734375 -0.01034623384475708 -0.339752197265625 -0.799588680267334 -0.15106451511383057 -0.08708107471466064 0.028899550437927246
2 3 0.00469970703125 -0.00033229589462280273 0.17952728271484375 -0.0880577564239502 0.025781989097595215 -0.004476308822631836 0.0375136137008667
3 2 -0.04137706756591797 0.008529841899871826 0.3538088798522949 -0.09765481948852539 0.048717617988586426 -0.021624445915222168 0.09141504764556885
4 0 -0.11297273635864258 0.04418289661407471 -0.26163482666015625 -0.4203488826751709 -0.15657472610473633 0.08475959300994873 0.10519146919250488
4 3 0.0027341842651367188 -0.005578756332397461 -0.10710906982421875 -0.1334857940673828 0.019974470138549805 -0.008766412734985352 0.06107962131500244
5 5 0.1751384735107422 -0.009659647941589355 0.10540390014648438 -0.01828908920288086 0.009761810302734375 -0.02491903305053711 -0.01699253948754631
