0 3 0.024839401245117188 -0.013985991477966309 -0.06804275512695312 -0.099578857421875 -0.00814807415008545 -0.011413812637329102 -0.09860122203826904
0 0 -12.353446960449219 0.2694823145866394 11.46835708618164 0.2620701789855957 0.03639864921569824 0.39666569232940674 -3.2607283361212467
1 2 0.028838634490966797 -0.007499992847442627 0.18157196044921875 0.03801274299621582 0.056711554527282715 0.013579607009887695 0.01576817035675049
1 0 -6.2994537353515625 0.2941265106201172 11.316905975341797 0.4741244316101074 0.12118172645568848 0.4945443868637085 -2.9711611039892887
1 1 -0.6264114379882812 0.0014183521270751953 -0.0959014892578125 -0.9747004508972168 -0.17901813983917236 -0.03874063491821289 -0.04509925842285156
2 4 0.034628868103027344 -0.01296323537826538 0.12223052978515625 -0.026946067810058594 0.004198551177978516 -0.018864989280700684 0.019301176071166992
3 3 0.04413795471191406 -0.01532745361328125 0.22622013092041016 -0.14916372299194336 -0.022672414779663086 -0.0183713436126709 0.07652842998504639
3 0 -28.02250576019287 0.07995760440826416 -43.167610144242644 -0.4891195297241211 -0.11678481101989746 0.1377354860305786 -1.4245971210257267
3 2 -0.035642147064208984 0.01747417449951172 -0.15651321411132812 -0.09847235679626465 -0.012030601501464844 0.019169926643371582 -0.21833348274230957
4 4 -0.06488895416259766 0.027268290519714355 -0.5847702026367188 -0.8556957244873047 -0.2514057159423828 0.033924102783203125 0.0851442813873291
5 1 0.5456428527832031 0.011448681354522705 0.153900146484375 -1.0387511253356934 -0.23949456214904785 -0.007516264915466309 -0.11208939552307129
5 0 0.06874465942382812 0.00769883394241333 0.0622100830078125 -0.20889663696289062 -0.03186953067779541 0.006358623504638672 -0.004656030978367198
