0 3 0.0024518966674804688 -0.045584261417388916 -0.6174678802490234 -0.4105072021484375 -0.04350018501281738 -0.06348526477813721 -0.01609671115875244
0 0 0.31774044036865234 0.07409489154815674 -0.5165271759033203 -0.6198067665100098 -0.16496801376342773 0.14304769039154053 -0.6977971196174622
0 0 19.852970123291016 0.26898229122161865 30.550594329833984 0.26212072372436523 0.03643178939819336 0.39667046070098877 -4.827980637550354
1 0 25.90703582763672 0.2936420440673828 30.399120330810547 0.4741249084472656 0.12118172645568848 0.4945441484451294 -4.538456320762634
1 3 0.016031265258789062 0.001723647117614746 0.6201972961425781 -0.600578784942627 -0.1732243299484253 0.08222675323486328 0.04388463497161865
1 2 -0.15992450714111328 -0.014224648475646973 -0.1036224365234375 -0.04292440414428711 -0.04283285140991211 -0.02477431297302246 -0.09979194402694702
1 5 -0.0567169189453125 0.022736668586730957 -0.061248779296875 -0.26220083236694336 -0.050585031509399414 0.10154259204864502 0.10335493087768555
2 4 0.02976846694946289 -0.010867118835449219 0.13367462158203125 -0.010535240173339844 -0.005902528762817383 -0.012867927551269531 0.03699648380279541
2 1 0.01896381378173828 -0.0032901763916015625 0.0138397216796875 0.1107490062713623 0.0027419328689575195 0.017986655235290527 0.0009456872940063477
3 0 0.013179302215576172 0.0006635785102844238 0.10144233703613281 -0.0583338737487793 0.0004684925079345703 0.0065833330154418945 0.0022971630096435547
3 3 -0.0013246536254882812 -0.02399200201034546 0.11728096008300781 -0.044660091400146484 -0.021754741668701172 0.03405189514160156 -0.011657118797302246
4 1 -0.11719226837158203 -0.005055606365203857 -0.044528961181640625 -0.0474395751953125 -0.004956841468811035 -0.010201096534729004 0.07567870616912842
4 4 0.031426429748535156 -0.07746082544326782 -0.1484222412109375 0.08742904663085938 -0.045777320861816406 -0.129486083984375 -0.016860127449035645
5 2 0.3834056854248047 -0.16644901037216187 -0.024486541748046875 0.019782066345214844 -0.07728469371795654 -0.27592217922210693 -1.7027519345283508
