0 4 0.050726890563964844 -1.3589859008789062e-05 -0.058381080627441406 -0.0009980201721191406 0.011130571365356445 -0.009253382682800293 -0.11067736148834229
0 0 20.07013511657715 0.2642797827720642 7.56170654296875 0.3768320083618164 0.025237321853637695 0.4487498998641968 -4.899384021759033
1 0 -0.04110288619995117 0.004613339900970459 0.05805206298828125 0.006177425384521484 0.006737709045410156 0.007973790168762207 -0.0036765336990356445
1 1 -0.014230728149414062 0.02861398458480835 0.0589599609375 -0.14024925231933594 -0.02875995635986328 0.06797754764556885 0.03761303424835205
1 0 26.06441879272461 0.37577712535858154 7.256488800048828 0.30045604705810547 0.09287261962890625 0.6560357809066772 -4.723060131072998
2 3 0.04923677444458008 -0.01856023073196411 0.12033843994140625 -0.0009565353393554688 0.005684494972229004 -0.025795817375183105 0.006067991256713867
2 2 0.009444713592529297 -0.03613626956939697 0.3149681091308594 -0.7568902969360352 -0.11660492420196533 -0.09049415588378906 -0.014041900634765625
3 1 -0.0066738128662109375 0.02879965305328369 -0.19837188720703125 -0.3639802932739258 -0.10866308212280273 0.045661091804504395 -0.018604516983032227
3 4 0.11235427856445312 -0.004948019981384277 0.2259998321533203 -0.01489877700805664 -0.009115219116210938 -0.025130867958068848 0.07017552852630615
4 2 -0.03948211669921875 -0.0036333799362182617 -0.26532745361328125 -0.6228389739990234 -0.1194230318069458 -0.006206035614013672 0.03737664222717285
4 3 -0.1048130989074707 -0.020218372344970703 -0.2972869873046875 -0.001453399658203125 0.018408894538879395 -0.05157470703125 0.060706496238708496
5 4 -0.08854484558105469 -0.13242793083190918 0.5460014343261719 0.14915895462036133 0.12173712253570557 -0.32205820083618164 0.5010498762130737
