0 3 0.04037284851074219 0.02271890640258789 -0.08370685577392578 -0.06604480743408203 -0.0318293571472168 0.019866347312927246 -0.0888979434967041
0 0 19.845680236816406 0.04352504014968872 28.956707000732422 -0.03732109069824219 0.12570154666900635 -0.09992468357086182 -4.832515239715576
1 0 25.89986228942871 0.06820172071456909 28.805316925048828 0.1747145652770996 0.21033132076263428 -0.0017597675323486328 -4.543914079666138
1 2 -0.6396560668945312 -0.20236194133758545 0.26099395751953125 -0.02679729461669922 -0.07260799407958984 -0.4061586856842041 0.006623752400628291
2 4 0.03184318542480469 -0.023013710975646973 0.33197784423828125 -0.3511953353881836 -0.08551335334777832 0.015489339828491211 0.011723160743713379
2 1 -0.01911640167236328 0.014461517333984375 0.3606376647949219 -0.48621177673339844 -0.09594106674194336 0.0797187089920044 -0.019225001335144043
3 0 -0.025690555572509766 -0.007659196853637695 0.07528877258300781 0.010791778564453125 -0.004119753837585449 -0.011612892150878906 0.015223860740661621
3 3 0.10275650024414062 -0.016790807247161865 0.3034076690673828 -0.161454439163208 -0.0313873291015625 -0.014737129211425781 0.10296916961669922
4 1 0.0012197494506835938 0.022844433784484863 -0.020351409912109375 -0.17466974258422852 -0.041921377182006836 0.08670151233673096 0.04559600353240967
4 4 -0.05187511444091797 -0.017073392868041992 -0.390655517578125 -0.5194430351257324 -0.08364415168762207 -0.07106161117553711 0.00847780704498291
5 2 0.09780120849609375 0.02009129524230957 0.0370330810546875 -0.04875373840332031 0.012722969055175781 0.020920753479003906 0.022837996468297206
