0 5 0.04637908935546875 -0.011760711669921875 -0.14977359771728516 -0.11406302452087402 0.02649533748626709 0.01403200626373291 -0.11154353618621826
0 4 0.14158010482788086 -0.0075002312660217285 -0.28938865661621094 -0.1375117301940918 0.03013896942138672 0.0012563467025756836 -0.07543253898620605
0 0 15.847126007080078 0.1961004137992859 -16.230491638183594 0.7648999691009521 0.2530421018600464 0.25169527530670166 -1.6872748136520386
1 0 21.89834213256836 0.22016382217407227 -16.38064193725586 0.9759938716888428 0.337870717048645 0.34965527057647705 -1.4001268148422241
2 1 0.01474761962890625 -0.027598261833190918 0.15784454345703125 0.03990936279296875 0.011253833770751953 -0.051301002502441406 0.04176521301269531
2 0 0.040325164794921875 -0.012656092643737793 0.23685455322265625 -0.24925518035888672 -0.01683628559112549 -0.024655938148498535 0.00574040412902832
3 2 0.013033866882324219 -0.00523298978805542 0.10371780395507812 -0.0665597915649414 0.009003877639770508 -0.009806513786315918 0.023039817810058594
3 4 0.005474090576171875 -0.002008795738220215 0.03149604797363281 -0.04880785942077637 0.009543776512145996 0.011736869812011719 0.0176774263381958
3 5 0.03581809997558594 -0.013065218925476074 0.20132923126220703 -0.14365339279174805 0.028064370155334473 -0.02014291286468506 0.08607113361358643
4 0 0.009975433349609375 0.0150412917137146 -0.1881103515625 -0.15974140167236328 0.02219092845916748 -0.011294364929199219 -0.030803680419921875
4 1 -0.11427640914916992 -0.035967111587524414 -0.35807037353515625 -0.018797874450683594 0.013796210289001465 -0.06846928596496582 0.09011244773864746
