0 5 6.67572021484375e-05 0.004193007946014404 0.12129878997802734 0.03141593933105469 -0.03388392925262451 0.0230710506439209 -0.03241276741027832
0 0 -7.157161712646484 0.17604941129684448 15.46786880493164 -0.3726768493652344 0.0353245735168457 0.11956620216369629 -0.12778997421264648
1 0 -1.1040935516357422 0.20132672786712646 15.316722869873047 -0.159454345703125 0.12118792533874512 0.2163459062576294 0.17042160034179688
2 3 -0.026081085205078125 -0.06349349021911621 0.2908515930175781 -0.46952104568481445 -0.010190844535827637 -0.2120431661605835 0.0028067827224731445
3 4 0.014504432678222656 0.003375530242919922 0.0233306884765625 -0.028374195098876953 0.0008568763732910156 0.0032815933227539062 -0.005651593208312988
3 5 0.1269989013671875 -0.017241597175598145 0.3080005645751953 -0.1754615306854248 -0.036223411560058594 -0.0051136016845703125 0.11938333511352539
4 1 -0.002487659454345703 0.012404859066009521 0.002910614013671875 -0.0012412071228027344 -0.010447502136230469 0.014444470405578613 0.013462662696838379
4 3 -0.14564132690429688 -0.005917727947235107 -0.33078765869140625 -0.9584674835205078 -0.1680220365524292 -0.10926580429077148 0.14944791793823242
5 0 0.1755199432373047 0.028777599334716797 0.06875228881835938 -0.172149658203125 -0.04666244983673096 0.021688342094421387 -0.03202986717224121
5 2 -0.010284423828125 -0.014270961284637451 0.0304107666015625 0.14557981491088867 0.015955686569213867 -0.04188215732574463 0.020424412563443184
