0 0 0.09943485260009766 0.02193540334701538 -0.3415088653564453 -0.3154435157775879 -0.06758451461791992 0.04765057563781738 -0.11821818351745605
0 0 19.86646270751953 0.27065908908843994 32.75366973876953 0.2612175941467285 0.03651142120361328 0.3987056016921997 -4.844770669937134
1 0 25.904743194580078 0.29430878162384033 32.607967376708984 0.47409915924072266 0.1211855411529541 0.4945312738418579 -4.541681528091431
2 3 0.0051174163818359375 -0.011652886867523193 0.04427337646484375 -0.050704002380371094 0.009425640106201172 -0.029007792472839355 0.0038901567459106445
2 4 0.12792682647705078 -0.011248946189880371 0.15210723876953125 -0.022274017333984375 -0.0028162002563476562 -0.017603158950805664 0.05714285373687744
3 2 0.0024509429931640625 0.0007072091102600098 0.04471778869628906 -0.06039166450500488 -0.008037924766540527 0.010010123252868652 0.0031305551528930664
3 0 0.02068614959716797 0.004334568977355957 0.11503410339355469 -0.06911611557006836 -0.0038895606994628906 0.020493745803833008 0.013825654983520508
4 4 0.0035829544067382812 -0.05740177631378174 -0.30382537841796875 -0.010625839233398438 -0.04971504211425781 -0.11138272285461426 0.009174227714538574
4 3 -0.13872051239013672 -0.0221976637840271 -0.5070571899414062 -0.7230005264282227 -0.09390389919281006 -0.10720562934875488 0.11583292484283447
5 1 0.2786579132080078 -0.013779044151306152 0.054782867431640625 -0.41337060928344727 -0.056853532791137695 -0.07167959213256836 0.06568941802106565
