0 0 2.7574462890625 -0.06987309455871582 10.491462707519531 -0.08522224426269531 -0.13249146938323975 -0.24406981468200684 -1.264229521562811
0 0 -5.525857925415039 -0.058012962341308594 11.469436645507812 -0.03723573684692383 -0.03227114677429199 -0.2380993366241455 -3.270543680002447
1 0 0.5274333953857422 -0.032680511474609375 11.31735610961914 0.17558622360229492 0.05362558364868164 -0.14127755165100098 -2.971606836130377
1 0 -0.5232353210449219 -0.17119669914245605 0.09933090209960938 0.21961545944213867 -0.018360614776611328 -0.33728480339050293 -0.05500724207377061
2 2 0.004618167877197266 0.001788496971130371 0.159393310546875 0.003566741943359375 0.005685567855834961 0.004730701446533203 0.0158919095993042
2 3 0.074493408203125 -0.13915139436721802 0.04706573486328125 -0.015301227569580078 -0.10895204544067383 -0.17913222312927246 0.08549618721008301
4 1 -0.11435222625732422 0.04477882385253906 -0.26753997802734375 -0.37950634956359863 -0.14640462398529053 0.08013379573822021 0.14426469802856445
4 3 -0.013674736022949219 -0.016040325164794922 -0.1118621826171875 -0.025951862335205078 0.004119157791137695 -0.011110544204711914 0.01901865005493164
4 2 -0.060230255126953125 -0.10256332159042358 -0.0908050537109375 -0.01777362823486328 -0.08892261981964111 -0.168287992477417 0.007494568824768066
5 0 0.15061187744140625 -0.009224176406860352 0.10700225830078125 -0.045210838317871094 0.011106729507446289 -0.03481793403625488 -0.07802994590019807
