0 6 0.0037317276000976562 -0.056437551975250244 -0.34375953674316406 -0.49191761016845703 -0.05788898468017578 -0.12973856925964355 -0.024237990379333496
0 1 -0.05869865417480469 -0.027125775814056396 -0.09484481811523438 0.0906524658203125 0.07284390926361084 -0.07365798950195312 -0.06294488906860352
0 0 -11.235645294189453 0.21051764488220215 11.466083526611328 0.7645666599273682 0.2538388967514038 0.25260353088378906 -3.266751239221776
1 3 0.012527942657470703 -0.0009518265724182129 0.046176910400390625 -0.018518447875976562 0.0021227598190307617 -0.009292840957641602 -0.03302109241485596
1 5 -0.11732292175292969 -0.0072934627532958984 0.17253494262695312 -0.2177753448486328 -0.024335622787475586 -0.007506132125854492 -0.04767906665802002
1 0 -5.019557952880859 0.26175713539123535 11.263114929199219 0.8463184833526611 0.310144305229187 0.41573941707611084 -3.1679107641393784
1 1 -0.5669727325439453 -0.08526742458343506 -0.028049468994140625 -0.33288097381591797 -0.05432260036468506 -0.15819895267486572 -0.037192583084106445
2 2 0.0034875869750976562 -0.008483290672302246 0.41998291015625 -0.0396885871887207 -0.07285237312316895 0.04204559326171875 0.007909536361694336
3 6 0.07965278625488281 -0.0033084750175476074 0.4360475540161133 -0.11833953857421875 -0.0825495719909668 0.08373737335205078 0.05657804012298584
3 5 0.13775348663330078 -0.07064288854598999 -0.8524894714355469 -1.1802895069122314 -0.07829010486602783 -0.16160845756530762 -0.034487128257751465
4 4 0.0283355712890625 0.014698326587677002 -0.054378509521484375 0.06940054893493652 -0.03396916389465332 0.020405173301696777 0.012244462966918945
4 2 -0.002960205078125 -0.1019289493560791 -0.09114837646484375 0.005825042724609375 -0.08813214302062988 -0.17182421684265137 -0.0701981782913208
5 0 0.15447998046875 0.020340323448181152 0.035858154296875 -0.11315441131591797 0.014228582382202148 0.008179426193237305 0.001184372085845098
