0 1 0.01742267608642578 0.008337020874023438 -0.18877124786376953 -0.11079573631286621 0.02098369598388672 0.017743229866027832 -0.05074191093444824
0 0 19.795543670654297 0.20886701345443726 29.770137786865234 0.8119707107543945 0.18722939491271973 0.2662651538848877 -4.848826885223389
0 0 27.777332305908203 0.25262975692749023 29.29806900024414 0.648902416229248 0.0829695463180542 0.3474842309951782 -2.973819851875305
1 0 25.848093032836914 0.2348189353942871 29.618255615234375 1.0257554054260254 0.27417707443237305 0.36193180084228516 -4.541433095932007
2 2 -0.013154983520507812 0.0020540952682495117 0.086273193359375 0.018548965454101562 0.01143026351928711 -0.002389669418334961 0.0021926164627075195
2 3 0.04611778259277344 -0.021313965320587158 0.23038864135742188 -0.18837428092956543 0.019794225692749023 -0.0133591890335083 0.04868948459625244
3 0 0.03017139434814453 -0.0006480813026428223 0.04320335388183594 -0.04305887222290039 -0.0014127492904663086 0.0016077756881713867 0.02585315704345703
3 1 0.028287887573242188 -0.006277561187744141 0.21617984771728516 -0.07124924659729004 0.04687321186065674 -0.0031881332397460938 0.008057832717895508
4 3 0.012942314147949219 -0.002845585346221924 -0.044979095458984375 -0.08789682388305664 0.017023324966430664 -0.00284421443939209 0.06154501438140869
4 2 -0.0048961639404296875 0.03592181205749512 -0.5243759155273438 -0.4251880645751953 -0.09242987632751465 0.06637358665466309 -0.3231567144393921
5 4 0.05686378479003906 -0.001474916934967041 -0.012516021728515625 0.04042387008666992 0.048864126205444336 -0.02880573272705078 -0.0344360830495134
