0 0 0.09200763702392578 -0.04569739103317261 -1.16357421875 -1.1035263538360596 -0.17185473442077637 -0.11089932918548584 -6.2838194370269775
0 0 9.065629959106445 0.14522778987884521 14.801681518554688 -0.37262535095214844 0.03574538230895996 0.11916053295135498 -6.253864526748657
1 3 -0.03491401672363281 -0.00451207160949707 0.00746917724609375 -0.03119039535522461 0.006766557693481445 0.010843038558959961 -0.005322694778442383
1 0 15.118858337402344 0.16937702894210815 14.650554656982422 -0.1594386100769043 0.12118172645568848 0.2163527011871338 -5.963146209716797
1 0 0.21021366119384766 -0.004180192947387695 -0.11432647705078125 0.14557123184204102 0.06258249282836914 -0.013508081436157227 -3.528618574142456
2 1 -0.025230884552001953 -0.007540583610534668 0.0882415771484375 0.006906032562255859 0.018451213836669922 0.0019180774688720703 0.01197969913482666
2 2 0.011598587036132812 -0.01696854829788208 0.17185592651367188 0.17997145652770996 0.05320560932159424 -0.02398383617401123 0.012855768203735352
3 4 0.03514385223388672 -0.010183572769165039 0.14657974243164062 -0.012615203857421875 -0.016517162322998047 -0.01262807846069336 0.015501737594604492
4 2 -0.12888574600219727 0.0014346837997436523 -0.14503860473632812 -0.10993456840515137 -0.021207332611083984 -0.0175933837890625 0.1439589262008667
4 1 -0.010535717010498047 -0.018378615379333496 -0.21500396728515625 -0.08114504814147949 0.027514219284057617 -0.037056803703308105 0.0019702911376953125
