0 4 0.12164449691772461 -0.1575900912284851 -0.10752296447753906 0.09875297546386719 -0.07850050926208496 -0.24678802490234375 -0.050874948501586914
0 0 20.331092834472656 0.02713608741760254 10.05056381225586 0.09798431396484375 0.12868750095367432 -0.10510694980621338 -4.75165319442749
1 0 -0.0006890296936035156 0.0011979937553405762 0.0726776123046875 0.010998725891113281 -0.0023081302642822266 0.012382984161376953 -0.005977272987365723
1 0 24.634000778198242 0.019533514976501465 10.000720977783203 0.11608314514160156 0.14135444164276123 -0.06796836853027344 -4.561195373535156
1 1 -0.30388450622558594 -0.09550851583480835 -0.4030723571777344 -0.013018131256103516 -0.006788969039916992 -0.1568288803100586 1.8699499368667603
2 0 -0.16947174072265625 -0.1596287488937378 35.48015594482422 -0.7829685211181641 -0.06829178333282471 -0.3536376953125 0.0472491979598999
2 3 -0.04510211944580078 -0.13402855396270752 0.08236312866210938 0.08643817901611328 -0.030414342880249023 -0.22611558437347412 -0.0058290958404541016
3 4 0.004183292388916016 -0.0034345388412475586 0.05212593078613281 0.013972282409667969 0.0058825016021728516 -0.0002014636993408203 0.014975547790527344
4 3 -0.023566246032714844 -0.014243364334106445 -0.1017913818359375 -0.010896682739257812 0.0039250850677490234 -0.01851630210876465 0.0068683624267578125
5 2 -0.07783889770507812 0.001826643943786621 0.003021240234375 0.01935720443725586 0.03269362449645996 -0.00487673282623291 0.011085006604844239
