0 0 0.04426765441894531 -0.09176796674728394 -0.0108489990234375 0.13374996185302734 0.011735916137695312 -0.14796042442321777 -0.043717384338378906
0 0 0.723541259765625 -0.0810731053352356 15.4656982421875 -0.04401206970214844 -0.030945539474487305 -0.22672903537750244 -6.449402809143066
1 0 6.727354049682617 -0.06361508369445801 15.32540512084961 0.17557048797607422 0.0535886287689209 -0.1412982940673828 -6.106827735900879
1 0 -0.3223533630371094 -0.05466991662979126 -0.0231781005859375 -0.0635995864868164 -0.03664994239807129 -0.10079610347747803 -6.15662693977356
2 3 0.010571479797363281 -0.01786339282989502 0.12987518310546875 -0.029771804809570312 0.007803082466125488 -0.0461573600769043 0.014966487884521484
3 2 0.021944046020507812 -0.004030942916870117 0.0212249755859375 -0.03165268898010254 0.0038596391677856445 -0.00569760799407959 0.003463268280029297
4 1 -5.817413330078125e-05 0.007801473140716553 -0.04256439208984375 -0.1401052474975586 -0.032671451568603516 0.06138050556182861 0.013448357582092285
4 3 -0.1212759017944336 -0.00404512882232666 -0.159149169921875 -0.03526782989501953 -0.002207636833190918 -0.008706927299499512 0.09246468544006348
5 4 0.09859848022460938 0.0047220587730407715 -0.047458648681640625 -0.19210243225097656 -0.06303894519805908 0.012634515762329102 -0.0027451515197753906
5 0 0.07213211059570312 -0.07815062999725342 0.14716720581054688 0.038252830505371094 -0.0013685226440429688 -0.14233267307281494 -6.183436632156372
