0 4 0.08209848403930664 0.021569430828094482 -0.3652505874633789 -0.2601027488708496 -0.04183173179626465 0.008224248886108398 -0.10603487491607666
0 0 19.849660873413086 0.04439061880111694 7.115928649902344 -0.037526607513427734 0.12523019313812256 -0.09971106052398682 -4.82737934589386
1 0 -0.022336483001708984 0.0035400390625 0.05982208251953125 -0.005556583404541016 -0.0036721229553222656 0.01392817497253418 0.0054160356521606445
1 0 25.901397705078125 0.068503737449646 6.964366912841797 0.17461872100830078 0.21032178401947021 -0.0019794702529907227 -4.541001677513123
2 3 0.06845808029174805 -0.0417177677154541 0.297576904296875 -0.030962467193603516 -0.04885458946228027 -0.07105755805969238 0.03757584095001221
2 1 0.02495718002319336 -0.07984930276870728 0.3300819396972656 -0.6414127349853516 -0.028003454208374023 -0.214308500289917 0.02844834327697754
3 2 0.03019094467163086 0.0037876367568969727 0.03507041931152344 -0.037587881088256836 -0.01416480541229248 0.008304953575134277 0.040010809898376465
3 4 0.029754161834716797 -0.006790041923522949 0.11289405822753906 -0.1270890235900879 -0.01592862606048584 -0.029848814010620117 -0.012345314025878906
4 1 -0.05494546890258789 -0.003665030002593994 -0.02951812744140625 -0.045622825622558594 -0.02448093891143799 0.009908556938171387 0.02499222755432129
4 3 -0.011158466339111328 -0.011483073234558105 -0.10477447509765625 0.00067901611328125 -0.006333351135253906 -0.03208518028259277 0.001452803611755371
5 0 -0.20916128158569336 -0.14823657274246216 -0.1314697265625 0.15997076034545898 0.11904537677764893 -0.362143874168396 -0.03578174114227295
