0 5 0.007664203643798828 -0.028353571891784668 -0.1352386474609375 -0.15131855010986328 0.03708672523498535 -0.021223902702331543 -0.04066359996795654
0 0 -2.5293502807617188 0.2741394639015198 15.471366882324219 0.26067066192626953 0.03666257858276367 0.3997384309768677 -0.11951446533203125
1 0 3.5205326080322266 0.29653847217559814 15.316291809082031 0.47492504119873047 0.12122225761413574 0.49441373348236084 0.1681969165802002
1 0 -0.2713603973388672 0.04670906066894531 0.13434219360351562 -0.2988760471343994 -0.11839640140533447 0.11648249626159668 0.05721092224121094
2 2 -0.0024671554565429688 -0.02222144603729248 0.20562744140625 -0.1971898078918457 -0.0037665367126464844 -0.05818033218383789 0.03394889831542969
2 1 0.026340484619140625 -0.03661155700683594 0.133697509765625 0.0030221939086914062 0.013579368591308594 -0.06784999370574951 0.0012542009353637695
2 4 -0.09595966339111328 -0.028932929039001465 -0.6314048767089844 -0.5650701522827148 -0.07132291793823242 -0.12975728511810303 -0.007771611213684082
3 3 0.0641632080078125 -0.02173060178756714 0.20018768310546875 -0.4206409454345703 -0.046743154525756836 -0.07862329483032227 0.013202071189880371
3 5 -0.03532552719116211 -0.02031254768371582 0.12991619110107422 -0.005632638931274414 0.03238105773925781 0.0030592679977416992 -0.0014796257019042969
4 4 -0.011150360107421875 -0.0037595629692077637 -0.019184112548828125 -0.055382728576660156 9.5367431640625e-06 -0.02141392230987549 -0.019341707229614258
4 1 -0.05582094192504883 -0.0017914772033691406 -0.1663055419921875 -0.0355229377746582 0.0165787935256958 -0.010601043701171875 0.0030814409255981445
5 0 0.2074146270751953 0.03364098072052002 0.14728927612304688 -0.44868922233581543 -0.1304795742034912 0.05918014049530029 -0.02325153350830078
