0 2 0.04710674285888672 -0.0017341375350952148 -0.05965232849121094 -0.026978492736816406 0.0014719963073730469 0.005058169364929199 -0.03963029384613037
0 0 -0.057976096868515015 -0.2893306016921997 0.5725364685058594 0.14277219772338867 -0.026628971099853516 -0.3915456533432007 3.9685269594192505
0 0 24.492637634277344 -0.1827627420425415 -2.2642822265625 0.1000967025756836 -0.0263674259185791 -0.24787592887878418 -0.4776597023010254
1 3 -0.002918720245361328 0.0004074573516845703 -0.0384979248046875 -0.04487276077270508 0.015591263771057129 0.0010176897048950195 0.019452333450317383
1 0 30.050872802734375 -0.1415160894393921 -2.163585662841797 0.17593717575073242 0.05340290069580078 -0.1404651403427124 -0.281329870223999
2 0 0.05418667197227478 -0.19928747415542603 0.4099884033203125 0.16109657287597656 -0.007370710372924805 -0.25931107997894287 -0.23559212684631348
2 4 0.013331413269042969 -0.001157999038696289 0.19199371337890625 -0.08333492279052734 0.00861215591430664 0.008383750915527344 0.027773022651672363
3 2 0.08238887786865234 -0.008971095085144043 0.20162200927734375 -0.18064069747924805 -0.035936832427978516 -0.01373279094696045 0.09600818157196045
4 4 -0.06419134140014648 0.051918745040893555 -0.28607940673828125 -0.4201164245605469 -0.15471673011779785 0.09543049335479736 0.09138941764831543
4 0 0.23834648728370667 -0.07063674926757812 0.12177658081054688 0.031267642974853516 -0.024904489517211914 -0.08932185173034668 -0.19195175170898438
5 1 0.3491020202636719 0.018426179885864258 0.1710662841796875 -0.33037662506103516 -0.09103119373321533 0.0389409065246582 -6.239198446273804
