0 5 0.07315254211425781 0.008567988872528076 -0.0799407958984375 0.019940853118896484 0.027559638023376465 -0.046298861503601074 -0.06173574924468994
0 1 0.02077770233154297 -0.027202725410461426 0.13349467515945435 -0.07558059692382812 0.011762380599975586 -0.018901824951171875 0.01916646957397461
0 0 24.013086318969727 -0.16773581504821777 -1.0978469848632812 -0.036431312561035156 -0.031162500381469727 -0.23916971683502197 -0.1804053783416748
1 3 -0.04810190200805664 0.004359841346740723 0.0869903564453125 -0.15675044059753418 -0.054671645164489746 0.00830996036529541 0.027584493160247803
1 0 30.067153930664062 -0.14307516813278198 -1.2493171691894531 0.17557287216186523 0.05358743667602539 -0.1412966251373291 0.10912084579467773
2 2 0.04489278793334961 0.006080806255340576 0.3126678466796875 -0.25299763679504395 -0.0248948335647583 0.025646209716796875 0.04880690574645996
2 4 -0.06802749633789062 0.0019037723541259766 0.473846435546875 -0.46924638748168945 -0.10321378707885742 0.043587565422058105 0.0024279356002807617
2 0 0.14942100644111633 -0.23929870128631592 0.12136077880859375 0.25306129455566406 -0.02583456039428711 -0.319862961769104 0.033167123794555664
3 5 0.0739898681640625 -0.0017834901809692383 0.14911270141601562 -0.029393672943115234 0.0008594989776611328 -0.006528139114379883 0.05869114398956299
4 2 -0.15812110900878906 0.05601555109024048 -0.2771759033203125 -0.49744224548339844 -0.20109713077545166 0.11448848247528076 0.11671257019042969
4 4 -0.051116943359375 -0.023342430591583252 -0.4080352783203125 -0.44902515411376953 -0.05976414680480957 -0.08587682247161865 -0.004479050636291504
4 0 0.21514162421226501 -0.04803037643432617 -0.03857421875 -0.01453399658203125 -0.00925445556640625 -0.015057086944580078 -0.1351475715637207
