0 2 -0.20932483673095703 0.00018960237503051758 0.04728889465332031 -0.18687152862548828 0.006591796875 0.10538411140441895 3.051137439440936
0 0 19.851165771484375 0.18511700630187988 35.163848876953125 0.7639753818511963 0.2531079053878784 0.25180065631866455 -4.831609725952148
1 0 25.90521240234375 0.20977270603179932 35.01241683959961 0.9759972095489502 0.33787357807159424 0.34965813159942627 -4.542022466659546
1 2 0.15816497802734375 -0.09688043594360352 -0.022077560424804688 0.08067512512207031 0.08775925636291504 -0.02461552619934082 -3.120033033657819
1 1 -0.06590747833251953 -0.01974707841873169 0.4165821075439453 -0.13118815422058105 0.027255535125732422 -0.012154936790466309 -0.005376935005187988
2 4 -0.007699012756347656 -0.04562908411026001 0.29810333251953125 -0.17978715896606445 0.04962015151977539 -0.1445310115814209 -0.04011845588684082
3 1 0.049057960510253906 -0.015956342220306396 0.10428047180175781 -0.06474876403808594 -0.043341994285583496 0.013692498207092285 0.011125922203063965
3 0 -0.018554210662841797 -0.020203232765197754 0.10921669006347656 -0.050611019134521484 0.018642187118530273 0.005078554153442383 0.01659870147705078
3 3 0.006737232208251953 -0.0027183890342712402 0.048534393310546875 -0.0008487701416015625 0.0005536079406738281 0.00019299983978271484 0.01210331916809082
3 2 -0.7355241775512695 0.015863656997680664 -0.06569290161132812 -0.3190345764160156 -0.07971107959747314 0.17945647239685059 -2.9092111666686833
4 4 -0.12744379043579102 0.0009776949882507324 -0.036815643310546875 -0.5441513061523438 -0.1081247329711914 -0.04281818866729736 0.09150147438049316
5 2 -0.35486507415771484 -0.0825272798538208 0.31246376037597656 -0.07461071014404297 0.06916308403015137 -0.04846847057342529 -2.9791414816863835
