0 4 0.10900497436523438 -0.02454662322998047 -0.23994922637939453 -0.02295207977294922 -0.023218154907226562 -0.06345021724700928 -0.08555448055267334
0 0 20.074337005615234 0.037978410720825195 28.252838134765625 0.07491159439086914 0.1141577959060669 -0.043732643127441406 -4.92383599281311
0 3 0.15938949584960938 -0.13262426853179932 -0.6255912780761719 0.04230499267578125 -0.11641013622283936 -0.19615387916564941 -6.296893119812012
1 2 0.024035930633544922 0.0037267208099365234 0.01551055908203125 0.0016551017761230469 0.011572122573852539 -0.006665468215942383 0.00038695335388183594
1 0 25.900779724121094 0.06850510835647583 28.18441390991211 0.17461872100830078 0.2103215456008911 -0.0019794702529907227 -4.54181432723999
2 1 -0.026945114135742188 -0.0044831037521362305 0.30587005615234375 -0.1430063247680664 -0.002839326858520508 0.0036672353744506836 0.02984142303466797
2 2 -0.09446477890014648 -0.23298484086990356 0.5614967346191406 0.1426224708557129 -0.03631114959716797 -0.43476438522338867 0.0626518726348877
3 0 -0.018537044525146484 0.0002595186233520508 0.04998207092285156 0.00027561187744140625 -0.0023441314697265625 0.0003446340560913086 0.019243836402893066
3 4 0.14545631408691406 -0.05070096254348755 0.29750633239746094 -0.050493717193603516 -0.07003045082092285 -0.06800901889801025 0.11944663524627686
4 1 -0.09284353256225586 0.03379422426223755 -0.30792999267578125 -0.3813014030456543 -0.11184585094451904 0.07175588607788086 0.08037745952606201
5 3 0.12660789489746094 -0.056722283363342285 0.1590118408203125 -0.019683837890625 -0.029951095581054688 -0.0669240951538086 -6.283552169799805
