0 0 19.915525436401367 0.20778733491897583 -3.5972137451171875 0.8118758201599121 0.18770599365234375 0.26583802700042725 -4.873367428779602
1 0 25.967405319213867 0.233606219291687 -3.7479209899902344 1.0260791778564453 0.27426600456237793 0.3624382019042969 -4.571140885353088
1 3 0.015816688537597656 0.007085919380187988 -0.16475677490234375 -0.060611724853515625 -0.05134248733520508 0.002864241600036621 -0.01404726505279541
2 5 0.04322624206542969 0.0005378127098083496 0.2880706787109375 -0.08315181732177734 0.020832538604736328 0.010660648345947266 -0.002146601676940918
3 1 -0.015275955200195312 0.004086017608642578 0.020051956176757812 -0.021343469619750977 -0.016162395477294922 0.006519198417663574 -0.005872964859008789
3 4 0.034512996673583984 -0.013808608055114746 0.1419506072998047 -0.0009942054748535156 -0.00827479362487793 -0.014895439147949219 0.011348605155944824
4 3 0.029436111450195312 0.013731598854064941 -0.10744857788085938 0.0762476921081543 -0.02811300754547119 0.020876765251159668 0.020802617073059082
4 0 -0.056650638580322266 -0.0004736781120300293 0.028392791748046875 -0.0037717819213867188 -0.005292177200317383 -0.003791332244873047 0.015321731567382812
4 5 -0.11692523956298828 0.043981850147247314 -0.30587005615234375 -0.45998215675354004 -0.13053834438323975 0.09783661365509033 0.09090816974639893
5 2 0.1750640869140625 -0.002869129180908203 -0.034881591796875 -0.18030214309692383 -0.020186781883239746 -0.04348874092102051 0.07072626799345016
