0 4 0.050047874450683594 0.0073847174644470215 0.04707527160644531 -0.04287600517272949 -0.034938931465148926 0.016795039176940918 -0.09788250923156738
0 0 4.125782012939453 0.0459287166595459 -36.938908375799656 -0.24189376831054688 -0.04295921325683594 0.051581501960754395 -3.0683401823043823
0 0 19.84868812561035 0.17701995372772217 17.582740783691406 -0.3714427947998047 0.03643178939819336 0.11847984790802002 -4.831113815307617
1 1 -0.0393519401550293 -0.019986629486083984 0.04027557373046875 -0.022318601608276367 0.03314626216888428 0.005736351013183594 -0.046304941177368164
1 0 -0.04822969436645508 -0.011295318603515625 0.19277572631835938 -0.1683669090270996 -0.010527491569519043 -0.040801286697387695 -0.0473862886428833
1 0 25.902755737304688 0.20168030261993408 17.43126678466797 -0.1594390869140625 0.12118101119995117 0.21635234355926514 -4.54158878326416
2 2 -0.013362407684326172 -0.012821197509765625 0.211212158203125 -0.21216964721679688 -0.030471205711364746 -0.029460668563842773 0.026174426078796387
2 1 -0.10706090927124023 -0.01737213134765625 0.13687515258789062 0.3292362689971924 0.13870573043823242 -0.013334393501281738 -0.15155375003814697
3 4 0.09732437133789062 0.003457486629486084 0.25923633575439453 -0.14461827278137207 -0.02530848979949951 -0.01342165470123291 0.07263398170471191
3 0 4.085445404052734 0.011425971984863281 -36.85829550027847 -0.4067544937133789 -0.04721677303314209 -0.03765308856964111 -3.096206545829773
4 3 -0.012785911560058594 0.013753652572631836 -0.021930694580078125 -0.04364728927612305 0.004396915435791016 0.006172895431518555 0.06067824363708496
