0 2 0.11296367645263672 -0.040521442890167236 -0.233673095703125 -0.28982019424438477 0.02711200714111328 -0.14295804500579834 -0.011607885360717773
0 1 0.10334491729736328 -0.014659523963928223 -0.3616008758544922 -0.018100261688232422 0.00012135505676269531 -0.016413211822509766 -0.08459436893463135
1 5 -0.08578157424926758 -0.017211735248565674 0.02686309814453125 -0.10617733001708984 0.012837886810302734 -0.04991579055786133 0.00042068958282470703
1 0 21.897781372070312 -0.038630664348602295 -10.973102569580078 0.17557287216186523 0.05358743667602539 -0.1412966251373291 -1.400007724761963
1 4 -0.607513427734375 -0.118763267993927 0.17787933349609375 0.08587932586669922 -0.04578137397766113 -0.23182618618011475 0.14015555381774902
2 0 0.1295604705810547 -0.06071227788925171 0.12346649169921875 0.003276348114013672 -0.05417370796203613 -0.09421312808990479 0.04319894313812256
2 3 0.03644371032714844 -0.10137850046157837 0.22570419311523438 0.1501154899597168 0.10351169109344482 -0.16946125030517578 -0.028116941452026367
3 2 0.14562225341796875 -0.00868380069732666 0.1222686767578125 -0.4899907112121582 -0.09931933879852295 -0.0379788875579834 0.09264016151428223
3 1 0.024602890014648438 -0.02998971939086914 0.15389728546142578 -0.004351139068603516 0.011216282844543457 -0.052739620208740234 0.006104707717895508
4 0 -0.04251670837402344 -0.004457592964172363 -0.15444183349609375 -0.012418270111083984 -0.014734983444213867 -0.033171892166137695 -0.002756953239440918
4 3 -0.001293182373046875 0.003418445587158203 0.021205902099609375 0.004492759704589844 0.008853793144226074 0.01760876178741455 0.01611042022705078
5 4 0.00621795654296875 -0.0035092830657958984 0.08537673950195312 -0.027143478393554688 -0.025804519653320312 -0.02274632453918457 -0.000659942626953125
