0 0 -10.908836364746094 0.17157620191574097 11.465484619140625 -0.37371063232421875 0.03398942947387695 0.12049555778503418 -3.2777499739750056
1 0 -4.858858108520508 0.19760918617248535 11.316398620605469 -0.1594381332397461 0.12118315696716309 0.21635329723358154 -2.971155363760772
1 2 -0.11629104614257812 0.0021920204162597656 -0.0894927978515625 0.027287006378173828 0.02344214916229248 -0.04554033279418945 -0.034056782722473145
1 4 -0.2853813171386719 -0.08361214399337769 0.17213058471679688 0.022745132446289062 -0.06356620788574219 -0.16718900203704834 -5.179380655288696
2 3 0.03465414047241211 -0.037551820278167725 0.31766510009765625 -0.6400594711303711 -0.10527300834655762 -0.09820806980133057 0.012737631797790527
2 1 0.0751199722290039 -0.11182254552841187 0.317840576171875 -0.02030038833618164 -0.09037041664123535 -0.16214275360107422 0.07119250297546387
4 1 -0.0024118423461914062 -0.0031211376190185547 -0.11474227905273438 -0.019505977630615234 0.0050923824310302734 0.0018115043640136719 0.023868560791015625
4 3 -0.056429386138916016 -0.013801336288452148 -0.349395751953125 -0.6570076942443848 -0.11882317066192627 -0.04029273986816406 0.004267096519470215
5 0 0.24317169189453125 -0.0327455997467041 0.0534820556640625 -0.4055819511413574 -0.032852888107299805 -0.11196208000183105 0.011340204931912012
5 4 0.149383544921875 -0.054782867431640625 0.16206741333007812 -0.001667022705078125 -0.018035411834716797 -0.08516764640808105 -6.30298376083374
