0 0 4.122818946838379 -0.2750805616378784 -37.973292261362076 -0.8208658695220947 -0.18748998641967773 -0.4865149259567261 -3.0406824350357056
0 0 19.852149963378906 -0.06441271305084229 16.609786987304688 -0.036660194396972656 -0.03169059753417969 -0.23808598518371582 -4.832122087478638
1 0 -0.010768890380859375 -0.013472795486450195 0.06833648681640625 -0.02851390838623047 -0.028412818908691406 -0.02901780605316162 -0.06886541843414307
1 0 25.902503967285156 -0.04017484188079834 16.459285736083984 0.17557287216186523 0.053586721420288086 -0.1412971019744873 -4.541723012924194
1 5 -0.3686408996582031 0.030174732208251953 -0.01128387451171875 -0.5539047718048096 -0.12225782871246338 0.07056379318237305 0.02721736580133438
1 3 -0.2955513000488281 -0.03499889373779297 0.1563873291015625 -0.3579854965209961 -0.07036995887756348 -0.06089353561401367 0.2472078800201416
2 2 0.07825469970703125 0.0051465630531311035 0.0802154541015625 -0.010005712509155273 -0.015172123908996582 0.01811850070953369 0.03855431079864502
2 4 -0.009988784790039062 -0.012053728103637695 0.4787330627441406 -0.8148007392883301 -0.11945176124572754 -0.08743023872375488 -0.006935477256774902
3 1 0.031087398529052734 -0.0013248920440673828 0.06299972534179688 -0.03579902648925781 0.005431413650512695 0.00044858455657958984 -0.0020842552185058594
3 0 4.157432556152344 -0.26077479124069214 -38.07265692204237 -0.8784565925598145 -0.1756507158279419 -0.513252854347229 -3.0425137281417847
4 4 -0.03432941436767578 -0.009623050689697266 -0.024471282958984375 -0.09072351455688477 -0.0009884834289550781 -0.02400386333465576 0.018186450004577637
4 2 -0.08190441131591797 -0.006133437156677246 -0.2686920166015625 -0.09432578086853027 -0.007658958435058594 -0.012311577796936035 -0.02937924861907959
