0 4 0.0699300765991211 -0.005887031555175781 -0.1888713836669922 -0.01876688003540039 -0.01192021369934082 -0.045876264572143555 -0.058896541595458984
0 0 19.85057258605957 0.2700328826904297 30.03890609741211 0.26212549209594727 0.03644704818725586 0.3966662883758545 -4.831392407417297
1 0 25.904708862304688 0.29469090700149536 29.887401580810547 0.4741249084472656 0.12118148803710938 0.4945441484451294 -4.541869044303894
1 3 -0.11482620239257812 -0.0055694580078125 -0.0214691162109375 -0.010300636291503906 0.02507638931274414 -0.020926952362060547 0.06006956100463867
2 1 -0.024994373321533203 -0.0023761987686157227 0.13098907470703125 -0.045520782470703125 0.010826587677001953 0.006212472915649414 -0.02584242820739746
2 3 -0.6006011962890625 -0.1884312629699707 0.6588973999023438 0.0819244384765625 -0.059604644775390625 -0.28717291355133057 -5.7497594356536865
3 0 0.006140232086181641 0.012650907039642334 0.08687019348144531 -0.1302628517150879 -0.0315251350402832 0.03366971015930176 0.012661576271057129
3 4 0.0747518539428711 -0.05608010292053223 0.15703296661376953 0.0017194747924804688 -0.07631802558898926 -0.10799062252044678 0.027576446533203125
4 1 -0.06982088088989258 0.04185253381729126 -0.254180908203125 -0.36284780502319336 -0.13901424407958984 0.08336484432220459 0.08339405059814453
5 2 0.2668132781982422 0.010094881057739258 0.00774383544921875 -0.4053964614868164 -0.06325805187225342 -0.03085160255432129 -6.234250068664551
5 3 -0.22197437286376953 -0.24135738611221313 0.2794456481933594 0.17647075653076172 -0.07022213935852051 -0.3613169193267822 -3.88337504863739
