0 0 0.15989398956298828 0.05565696954727173 -0.2884044647216797 -0.46512842178344727 -0.07492375373840332 0.08612120151519775 -0.11721515655517578
0 0 15.852083206176758 0.26977843046188354 36.19121551513672 0.26212072372436523 0.03643178939819336 0.3966710567474365 -1.6896544694900513
1 4 -0.019535541534423828 0.0019074678421020508 0.10060501098632812 0.005298137664794922 -0.002816915512084961 -0.0007910728454589844 -0.0031096935272216797
1 0 21.906150817871094 0.29443907737731934 36.03974533081055 0.4741249084472656 0.12118172645568848 0.4945441484451294 -1.4001284837722778
2 2 -0.045468807220458984 -0.011699795722961426 0.2792816162109375 -0.07477903366088867 0.0023610591888427734 -0.029404044151306152 0.0029212236404418945
2 1 0.13422107696533203 -0.03978085517883301 0.2140045166015625 -0.07072830200195312 -0.05271768569946289 -0.07554054260253906 0.06242930889129639
3 0 0.06380748748779297 0.023474574089050293 0.22165298461914062 -0.36760544776916504 -0.102744460105896 0.08402836322784424 0.08830881118774414
4 3 -0.031561851501464844 0.0038018226623535156 0.009281158447265625 -0.06696844100952148 -0.012188911437988281 0.0029152631759643555 -0.03111422061920166
4 2 0.0014476776123046875 -0.01163625717163086 -0.437103271484375 -0.5884757041931152 -0.13084495067596436 -0.028986454010009766 -0.00613713264465332
4 1 0.048343658447265625 -0.014491796493530273 -0.018035888671875 -0.04707050323486328 -0.056114912033081055 -0.047141432762145996 0.03395068645477295
5 4 -0.08529043197631836 -0.2160624861717224 0.4376373291015625 0.2552523612976074 -0.05030989646911621 -0.4112117290496826 0.06715273857116699
