0 0 -0.6173496246337891 -0.07883530855178833 15.47232437133789 -0.038546085357666016 -0.03355669975280762 -0.23724579811096191 -6.413553953170776
1 0 5.433448791503906 -0.052719831466674805 15.32284164428711 0.17557287216186523 0.05358719825744629 -0.1412966251373291 -6.107492923736572
1 0 -0.7025928497314453 -0.07422173023223877 -0.005176544189453125 -0.0063953399658203125 -0.06619954109191895 -0.150590181350708 -6.295454025268555
2 2 0.042704105377197266 -0.01717841625213623 0.10323333740234375 -0.005703449249267578 -0.011658430099487305 -0.026075124740600586 0.02017509937286377
2 3 0.020679473876953125 -0.01301586627960205 0.05178070068359375 0.20593953132629395 0.05901920795440674 -0.0009920597076416016 0.021688461303710938
2 1 0.06652355194091797 -0.16686886548995972 0.3454856872558594 0.039949893951416016 -0.09090232849121094 -0.251190185546875 0.1361931562423706
3 4 -0.01128387451171875 0.0010595321655273438 0.05286407470703125 -0.04941844940185547 -0.0031348466873168945 0.006185770034790039 -0.0061528682708740234
4 1 0.013596534729003906 0.004285335540771484 -0.07898330688476562 -0.02489757537841797 0.006651639938354492 0.00800943374633789 0.016955018043518066
4 2 0.03128480911254883 -0.0304257869720459 -0.16162109375 0.010863780975341797 -0.014116048812866211 -0.05528140068054199 -0.03569626808166504
4 3 -0.0729365348815918 -0.0034633874893188477 -0.10733795166015625 -0.10285639762878418 0.015370965003967285 -0.018914103507995605 0.0720984935760498
5 0 0.1792125701904297 -0.05865961313247681 0.127655029296875 0.012580394744873047 -0.020955801010131836 -0.09529662132263184 -6.253769159317017
