0 3 0.12296485900878906 -0.035357654094696045 -0.3479785919189453 -0.02050161361694336 -0.02295088768005371 -0.07626020908355713 -0.1247490644454956
0 0 -0.39368247985839844 -0.08292198181152344 15.392139434814453 0.07596874237060547 -0.042873382568359375 -0.183912992477417 -6.480735540390015
1 5 -0.04196786880493164 0.005174756050109863 0.033512115478515625 -0.02731180191040039 -0.0024309158325195312 0.006811738014221191 -0.02970719337463379
1 4 0.1752004623413086 0.0015582442283630371 0.44393157958984375 -0.9569728374481201 -0.1772446632385254 0.017743349075317383 0.16904807090759277
1 0 5.433448791503906 -0.052719831466674805 15.32284164428711 0.17557287216186523 0.05358743667602539 -0.1412966251373291 -6.107492923736572
1 0 -0.7025928497314453 -0.074221670627594 -0.005176544189453125 -0.0063953399658203125 -0.06619954109191895 -0.150590181350708 -6.295454025268555
2 2 0.05603933334350586 -0.007410526275634766 0.1350250244140625 0.11443376541137695 0.022528767585754395 -0.008528947830200195 -0.0014132261276245117
2 1 -0.010614395141601562 -0.00836402177810669 0.2072296142578125 -0.20266151428222656 -0.005161881446838379 -0.007948756217956543 0.01633751392364502
3 4 0.0014562606811523438 -0.0024276375770568848 -0.12291526794433594 -0.012988567352294922 -0.0062639713287353516 -0.0030624866485595703 -0.009916901588439941
3 3 0.08714008331298828 -0.03968554735183716 0.1680145263671875 -0.003208637237548828 -0.03601264953613281 -0.03740811347961426 0.042566895484924316
4 1 0.020441055297851562 0.01735144853591919 -0.047149658203125 0.04084014892578125 0.038553595542907715 0.004254698753356934 0.006941437721252441
4 2 -0.11451911926269531 -0.0012757182121276855 -0.2549858093261719 -0.15469026565551758 -0.03099048137664795 -0.015273451805114746 0.1263211965560913
5 0 0.17921066284179688 -0.058663249015808105 0.1276092529296875 0.012569904327392578 -0.0209503173828125 -0.095267653465271 -6.253804445266724
