0 3 0.025671005249023438 -0.1109500527381897 -0.01767730712890625 0.24622726440429688 0.025305747985839844 -0.2086656093597412 6.261957406997681
0 0 19.884815216064453 0.18981051445007324 38.24801254272461 -0.38703012466430664 0.037934064865112305 0.13905668258666992 -4.903887748718262
1 4 -0.04621267318725586 -0.008175671100616455 0.09795761108398438 -0.05234575271606445 0.01276397705078125 -0.032137393951416016 -0.015676379203796387
1 0 25.904640197753906 0.20132482051849365 38.11300277709961 -0.1594386100769043 0.12118172645568848 0.2163527011871338 -4.542460918426514
1 2 -0.03330516815185547 -0.0051743388175964355 0.185699462890625 0.0025441646575927734 0.04634559154510498 -0.014189839363098145 0.06695222854614258
1 3 -0.2740612030029297 -0.05733919143676758 0.00560760498046875 0.0509953498840332 -0.017962932586669922 -0.15355682373046875 4.50154709815979
3 1 0.01818561553955078 -0.015538394451141357 0.14488601684570312 -0.04868030548095703 0.016698122024536133 -0.041364431381225586 0.007020473480224609
3 0 0.01697063446044922 -0.006082773208618164 0.10711479187011719 -0.09803390502929688 0.001020193099975586 -0.03131091594696045 -0.0066977739334106445
3 2 0.00669097900390625 -0.0030401945114135742 -0.1072540283203125 -0.0674581527709961 0.005102396011352539 0.020293354988098145 -0.02786111831665039
5 3 0.2321014404296875 -0.0691673755645752 0.15931320190429688 0.017226219177246094 -0.0419611930847168 -0.11188149452209473 -0.030969619750976562
