0 5 0.1296854019165039 -0.004028737545013428 -0.19585418701171875 -0.028289318084716797 0.0363771915435791 0.00400233268737793 -0.12188947200775146
0 0 2.2912940979003906 0.1793142557144165 15.409378051757812 0.8146309852600098 0.18932819366455078 0.2642017602920532 -6.401257753372192
1 6 -0.040235042572021484 -0.010091304779052734 0.07748031616210938 -0.00885629653930664 -0.009311437606811523 -0.021218538284301758 -0.07492923736572266
1 0 8.34284782409668 0.20386862754821777 15.259185791015625 1.0257611274719238 0.27416324615478516 0.3619253635406494 -6.110482215881348
1 1 -0.4802818298339844 0.018499135971069336 -0.036548614501953125 -0.44640398025512695 -0.11364340782165527 0.02427685260772705 -6.199660539627075
2 2 0.023494720458984375 -0.002183675765991211 0.0335235595703125 0.011121988296508789 0.012351751327514648 0.008241653442382812 0.0054471492767333984
2 4 0.036724090576171875 -0.0549776554107666 0.3965301513671875 -0.04261207580566406 -0.07548308372497559 -0.10128593444824219 -0.029810070991516113
3 5 -0.05014991760253906 -0.005772829055786133 0.031253814697265625 0.03283357620239258 0.029995441436767578 0.006096482276916504 0.007369875907897949
4 4 0.003269195556640625 0.023199081420898438 -0.13206100463867188 0.000202178955078125 0.051935672760009766 0.017607688903808594 0.006539702415466309
4 2 -0.017311573028564453 0.0039907097816467285 -0.42255401611328125 -0.03147554397583008 -0.018413543701171875 -0.0016287565231323242 0.046321988105773926
5 1 0.3585319519042969 0.008270978927612305 0.08377456665039062 -0.7292218208312988 -0.18331444263458252 0.02459704875946045 -6.281208515167236
5 3 0.054431915283203125 0.0007107257843017578 -0.03618621826171875 -0.02170276641845703 0.006376504898071289 -0.0056610107421875 -0.00042628124356269836
