0 5 0.07578468322753906 0.021627843379974365 -0.31368255615234375 -0.3202953338623047 -0.09755778312683105 0.08154547214508057 -0.02922964096069336
0 0 -3.5852813720703125 0.17583346366882324 11.468631744384766 -0.3728146553039551 0.035178184509277344 0.11974036693572998 -3.270400482855621
1 4 -0.05181121826171875 0.0030843019485473633 0.08709335327148438 0.0004253387451171875 -0.004301786422729492 -0.0067479610443115234 -0.14681673049926758
1 2 -0.03272819519042969 0.010040998458862305 0.019683837890625 0.014153480529785156 0.01679062843322754 0.013286113739013672 0.033364295959472656
1 0 2.650083541870117 0.23079776763916016 11.26272201538086 -0.2890958786010742 0.09345269203186035 0.28242218494415283 -3.167714077673736
2 4 -0.15606403350830078 -0.2290148138999939 0.4929962158203125 0.2103738784790039 -0.017943859100341797 -0.4273078441619873 0.09967660903930664
3 1 -0.017764568328857422 -0.008433163166046143 0.07093048095703125 -0.07724618911743164 -0.0013668537139892578 0.0018178224563598633 -0.0005395412445068359
3 5 0.006550312042236328 -0.0008862614631652832 0.2519359588623047 -0.06912088394165039 -0.02580714225769043 0.011518478393554688 0.004783034324645996
4 3 -0.018787860870361328 0.005699872970581055 0.037960052490234375 0.018099069595336914 0.013508796691894531 0.006584644317626953 0.008227109909057617
5 0 0.13146591186523438 -0.0097503662109375 0.00823211669921875 -0.2587738037109375 -0.026259422302246094 -0.05930626392364502 0.06329498843115289
