0 0 -9.518728256225586 0.2698756456375122 11.468666076660156 0.26212072372436523 0.03643178939819336 0.3966712951660156 -3.2606859056613757
1 4 -0.022178173065185547 0.007915139198303223 -0.000392913818359375 0.0034372806549072266 -0.014404654502868652 0.006233096122741699 0.030711650848388672
1 0 -3.464649200439453 0.29453057050704956 11.31717300415039 0.47411489486694336 0.12117576599121094 0.4945327043533325 -2.9711530058048083
2 1 -0.008560657501220703 -0.018452823162078857 0.2704925537109375 -0.5074281692504883 -0.07466375827789307 -0.0677574872970581 0.022176623344421387
2 2 0.03526496887207031 -0.1073194146156311 -0.5519561767578125 0.02877664566040039 -0.05349087715148926 -0.1839357614517212 0.07616996765136719
3 3 -0.03348970413208008 0.00100630521774292 -0.0122222900390625 -0.005639076232910156 -0.004049062728881836 0.00047016143798828125 -0.011089682579040527
4 2 -0.03358650207519531 -0.011925101280212402 -0.11087799072265625 -0.006320953369140625 0.009340524673461914 -0.010599851608276367 0.017274141311645508
4 1 -0.1524066925048828 -0.022192835807800293 -0.4069061279296875 -0.530888557434082 -0.028393030166625977 -0.11171841621398926 0.10728168487548828
4 4 0.03968191146850586 -0.0044792890548706055 0.28505706787109375 -0.04206275939941406 0.02771449089050293 0.014699578285217285 0.060426950454711914
5 0 0.09169387817382812 0.007935941219329834 0.03456878662109375 -0.042593955993652344 -0.0033349990844726562 0.009346365928649902 -0.0021503938696696423
