0 4 0.04092216491699219 0.0039640069007873535 -0.18117332458496094 -0.06422185897827148 0.005545377731323242 0.007397174835205078 -0.0589442253112793
0 0 19.844270706176758 -0.05455613136291504 -7.431652069091797 -0.03567171096801758 -0.03109288215637207 -0.23941266536712646 -4.831181168556213
1 1 -0.021173954010009766 0.009417891502380371 0.018924713134765625 -0.008807659149169922 -0.01611149311065674 0.006992340087890625 0.005696892738342285
1 0 25.89822769165039 -0.029903292655944824 -7.58343505859375 0.17557573318481445 0.05359148979187012 -0.14129292964935303 -4.542526841163635
2 0 0.07427835464477539 -0.0569421648979187 0.29872894287109375 -0.06594705581665039 -0.07878541946411133 -0.1061849594116211 0.04601728916168213
2 3 -0.09726333618164062 -0.1586747169494629 0.6278610229492188 -0.03257179260253906 -0.09660816192626953 -0.2589142322540283 0.03959214687347412
3 4 0.0895071029663086 -0.013167977333068848 0.17797470092773438 -0.1071319580078125 -0.028947949409484863 -0.002245664596557617 0.09476089477539062
4 3 0.012395381927490234 0.02583169937133789 -0.13272857666015625 0.04045248031616211 0.06334137916564941 0.03347635269165039 0.021350979804992676
4 0 -0.03741741180419922 0.020398855209350586 -0.0875701904296875 0.021245479583740234 0.03893876075744629 0.0056302547454833984 0.053347110748291016
5 2 0.16158676147460938 -0.029404878616333008 0.01384735107421875 -0.3600807189941406 -0.0130079984664917 -0.11219644546508789 -0.004442794059286825
