0 4 0.05416679382324219 -0.03850293159484863 -0.10108757019042969 -0.3787660598754883 -0.04555487632751465 -0.07091403007507324 -0.0030176639556884766
0 5 0.25841331481933594 0.06450068950653076 -0.4118766784667969 -0.5672228336334229 -0.14966464042663574 0.13012337684631348 -0.4192233085632324
0 0 19.979448318481445 0.2174685001373291 -11.485099792480469 -0.42613744735717773 -0.06661462783813477 0.26409482955932617 -4.832902908325195
1 0 26.033523559570312 0.24212771654129028 -11.63656997680664 -0.21413135528564453 0.018134355545043945 0.3619680404663086 -4.543375015258789
2 2 -0.02751779556274414 -0.0033057332038879395 0.19419097900390625 -0.00991678237915039 0.026625394821166992 0.0062400102615356445 0.007102608680725098
2 0 -0.012327194213867188 -0.02880561351776123 0.40027618408203125 -0.5563931465148926 -0.09475493431091309 -0.08543169498443604 0.006442070007324219
3 5 0.006076335906982422 0.0005882978439331055 0.1046905517578125 -0.03741312026977539 0.010063886642456055 0.002222299575805664 0.005462169647216797
3 1 -0.0029587745666503906 5.823373794555664e-05 -0.3031883239746094 -0.00948476791381836 0.003703594207763672 -0.0072078704833984375 -0.014707565307617188
3 4 0.006932258605957031 0.017392098903656006 0.6207036972045898 -0.6262750625610352 -0.15270090103149414 0.055791616439819336 0.10904502868652344
4 3 -0.009081840515136719 -0.0037325620651245117 0.0840301513671875 -0.15430116653442383 -0.024373531341552734 -0.01769232749938965 -0.018474221229553223
4 0 -0.05341815948486328 0.007658839225769043 -0.38042449951171875 -0.8085417747497559 -0.18513453006744385 0.006375789642333984 0.02571725845336914
4 2 0.03671407699584961 -0.007043004035949707 -0.28122711181640625 0.029523611068725586 0.08293783664703369 -0.010514616966247559 -0.08421516418457031
