0 3 -0.020997047424316406 0.004776120185852051 -0.004460334777832031 0.022077083587646484 0.004817962646484375 0.005086064338684082 -0.034690022468566895
0 0 19.984519958496094 0.0436822772026062 -22.372745513916016 -0.03598785400390625 0.12590324878692627 -0.09973227977752686 -4.831703305244446
1 0 26.03547477722168 0.06782376766204834 -22.522754669189453 0.17461681365966797 0.2103344202041626 -0.0019788742065429688 -4.541971564292908
2 0 -0.007929325103759766 0.002039670944213867 0.0491790771484375 -0.009215354919433594 -0.009202241897583008 0.005617260932922363 0.02262866497039795
2 5 0.05347251892089844 0.010746538639068604 0.13001632690429688 -0.13281631469726562 -0.011733055114746094 0.03845846652984619 -0.015995502471923828
3 4 0.01708841323852539 0.007713437080383301 0.06833267211914062 0.02692270278930664 0.003597736358642578 0.016698360443115234 0.008301019668579102
3 3 0.07834243774414062 -0.01873844861984253 0.15872669219970703 -0.008548259735107422 -0.0008234977722167969 -0.06592655181884766 0.20318543910980225
4 5 -0.055905818939208984 0.01818627119064331 -0.044384002685546875 -0.1171712875366211 -0.03151857852935791 0.02834022045135498 0.02708148956298828
4 0 -0.005471706390380859 -0.05227917432785034 -0.13271331787109375 0.04102468490600586 0.040628790855407715 -0.12222063541412354 -0.03132200241088867
5 2 0.10504722595214844 0.00024050474166870117 0.0135955810546875 -0.23786187171936035 -0.031236648559570312 -0.023393988609313965 0.03514728182926774
