0 0 19.852201461791992 0.21359390020370483 36.0650520324707 -0.42699670791625977 -0.06746244430541992 0.2649557590484619 -4.838472962379456
0 0 0.07880926132202148 -0.0026383399963378906 -0.2943611145019531 -0.25589513778686523 -0.06177401542663574 0.012007594108581543 0.05112719535827637
1 5 -0.027616024017333984 0.0033389925956726074 0.04148101806640625 -0.02087855339050293 -0.0013827085494995117 0.009366512298583984 -0.039571523666381836
1 0 25.905744552612305 0.2387344241142273 35.91324996948242 -0.21414518356323242 0.018140792846679688 0.36196351051330566 -4.5418092012405396
1 3 0.08882713317871094 0.048627376556396484 0.15977859497070312 -0.18880319595336914 -0.03870880603790283 0.13798534870147705 0.11547017097473145
2 2 0.025134563446044922 -0.0072931647300720215 -0.0118408203125 0.08785891532897949 0.04969525337219238 0.0006136894226074219 0.05857491493225098
3 3 0.017253875732421875 0.0030508041381835938 -0.027835845947265625 -0.04575920104980469 -0.008482933044433594 -0.002858400344848633 -0.009138107299804688
3 0 -0.016866207122802734 0.002128005027770996 0.10145950317382812 -0.0229644775390625 -0.011269569396972656 0.017144203186035156 -0.006517648696899414
4 2 -0.014073848724365234 -0.005269646644592285 -0.205352783203125 -0.11223053932189941 0.009037971496582031 -0.011397123336791992 0.0037398338317871094
5 1 0.17940521240234375 0.02787649631500244 0.052761077880859375 -0.2823162078857422 -0.06945431232452393 0.04923593997955322 -0.051808834075927734
5 4 0.35822296142578125 -0.028628826141357422 -0.006145477294921875 -0.4636383056640625 -0.062024831771850586 -0.08253717422485352 0.032344866849598475
