0 0 0.05357646942138672 0.056897103786468506 0.2202739715576172 -0.37482309341430664 -0.13526666164398193 0.09488976001739502 -0.0024400949478149414
0 0 15.865917205810547 0.27255380153656006 53.10554504394531 0.2563333511352539 0.03490948677062988 0.40040647983551025 -1.6990463733673096
1 0 21.90963363647461 0.29489368200302124 52.96326446533203 0.4740791320800781 0.121185302734375 0.4945260286331177 -1.4000084400177002
1 4 -0.3992137908935547 0.03175312280654907 0.04958343505859375 -0.7588744163513184 -0.18044281005859375 0.05494952201843262 -0.025901436805725098
1 2 -0.8193225860595703 -0.040959060192108154 -0.19491958618164062 -0.6129965782165527 -0.054764747619628906 -0.13528227806091309 -0.06614050269126892
2 5 0.0370635986328125 0.0053108930587768555 -0.00194549560546875 -0.006316661834716797 -0.03628993034362793 0.014937877655029297 0.008543729782104492
3 3 0.021524906158447266 -0.010593056678771973 0.10086631774902344 -0.04762983322143555 0.022476673126220703 -0.03572547435760498 -0.01771557331085205
3 0 0.06482315063476562 0.04963827133178711 0.36123955249786377 -0.4541783332824707 -0.06339490413665771 0.07498323917388916 0.057273030281066895
4 5 -0.07194900512695312 -0.0016161799430847168 -0.2269744873046875 -0.02055215835571289 -0.016319990158081055 0.0019426345825195312 0.03363168239593506
5 2 0.089996337890625 -0.008974730968475342 0.1260986328125 -0.07258892059326172 0.008305549621582031 -0.04652833938598633 -0.09859848022460938
