0 4 0.15517854690551758 -0.026774466037750244 -0.31446075439453125 -0.03276491165161133 0.02128732204437256 -0.052637696266174316 -0.1385866403579712
0 0 19.85087776184082 0.21786725521087646 28.338401794433594 -0.4261355400085449 -0.06661558151245117 0.2640951871871948 -4.8311063051223755
1 2 -0.05141401290893555 0.006354570388793945 -0.08702468872070312 0.013249874114990234 0.008667945861816406 0.00732421875 0.01713395118713379
1 0 25.904945373535156 0.2425280213356018 28.186931610107422 -0.21413087844848633 0.018134355545043945 0.3619682788848877 -4.541580080986023
2 1 -0.012689590454101562 -0.010670483112335205 0.09775543212890625 0.0443112850189209 0.016663789749145508 -0.010466694831848145 0.011264920234680176
3 0 0.029544353485107422 -6.514787673950195e-05 0.04761695861816406 -0.012726306915283203 -0.0008399486541748047 0.0029500722885131836 0.009046196937561035
3 4 -0.03149271011352539 -0.018897056579589844 0.1308574676513672 0.013088703155517578 0.005545854568481445 -0.04130709171295166 0.003446817398071289
4 1 -0.055475711822509766 -0.004346907138824463 -0.1888885498046875 -0.040513038635253906 0.0043544769287109375 -0.01031482219696045 0.06884336471557617
4 2 -0.06172466278076172 -0.018419981002807617 0.5363616943359375 0.007941246032714844 -0.010914087295532227 -0.0629112720489502 -0.24257969856262207
5 3 0.014190673828125 -0.0009740591049194336 -0.010524749755859375 0.03296518325805664 0.002836942672729492 -0.010081052780151367 -0.023602724075317383
