0 1 0.03619194030761719 0.0105057954788208 -0.09786415100097656 0.013472557067871094 0.021417856216430664 0.001355886459350586 -0.04066109657287598
0 0 19.852197647094727 0.20734530687332153 -2.862537384033203 0.815361499786377 0.18939995765686035 0.26379477977752686 -4.862838268280029
1 2 -0.011833667755126953 0.0027334094047546387 0.04489898681640625 0.025804758071899414 0.008537888526916504 0.013014674186706543 0.006721973419189453
1 0 25.903114318847656 0.2320041060447693 -3.0127296447753906 1.025771141052246 0.2741694450378418 0.36193788051605225 -4.572062015533447
2 4 0.032778263092041016 -0.017052173614501953 0.1530914306640625 -0.007424831390380859 0.021028518676757812 -0.035120248794555664 0.0013903379440307617
2 0 0.032039642333984375 -0.0005096793174743652 -0.048053741455078125 0.025182723999023438 -0.019875407218933105 0.005439043045043945 0.012621283531188965
3 1 0.08824920654296875 -0.062113285064697266 0.38258838653564453 -0.025045394897460938 -0.09317052364349365 -0.13156342506408691 0.4094827175140381
4 0 -0.01575613021850586 0.007677614688873291 0.022533416748046875 0.008478164672851562 -0.007665276527404785 0.00885319709777832 0.03859508037567139
4 2 0.02854633331298828 3.0100345611572266e-05 0.1378936767578125 0.09187459945678711 0.043038368225097656 0.023228883743286133 0.02403879165649414
4 4 -0.04957151412963867 -0.0171048641204834 -0.34453582763671875 -0.06279802322387695 0.027719497680664062 -0.03252458572387695 0.05791878700256348
