0 4 0.21732187271118164 0.04418462514877319 -0.3886146545410156 -0.5052080154418945 -0.13414216041564941 0.0924372673034668 -0.11520075798034668
0 0 19.814502716064453 -0.062322378158569336 26.49840545654297 -0.036431312561035156 -0.031163454055786133 -0.23916852474212646 -4.806763529777527
1 2 -0.049818992614746094 -0.008181452751159668 0.07017898559570312 -0.027500629425048828 0.009854555130004883 -0.02381110191345215 -0.010268092155456543
1 5 -0.041790008544921875 -0.02247786521911621 0.22901535034179688 -0.39539003372192383 -0.035919904708862305 -0.08107256889343262 -0.028954505920410156
1 1 0.17597103118896484 -0.006065428256988525 0.09728240966796875 0.0024504661560058594 0.03783774375915527 -0.04829394817352295 0.061310529708862305
1 0 24.600996017456055 -0.0866081714630127 26.19324493408203 0.11702871322631836 -0.015382528305053711 -0.20727980136871338 -4.536736607551575
2 3 0.018823623657226562 -0.06373876333236694 0.32041168212890625 0.10753488540649414 0.04431891441345215 -0.12979888916015625 0.029174089431762695
2 2 -0.14572715759277344 -0.08258074522018433 0.6510887145996094 -0.6900458335876465 -0.012109041213989258 -0.24225318431854248 -0.05022120475769043
3 4 0.020870208740234375 0.0073122382164001465 0.1328144073486328 -0.08050966262817383 -0.007988929748535156 0.024940133094787598 0.013429999351501465
3 0 0.008944988250732422 0.005312204360961914 0.06429672241210938 0.029457569122314453 0.021114110946655273 0.011760234832763672 0.0054132938385009766
4 3 -0.09815502166748047 -0.01098698377609253 -0.11156845092773438 -0.0264434814453125 6.282329559326172e-05 -0.0338444709777832 0.04242968559265137
5 0 -0.11200094223022461 -0.22469496726989746 1.0342369079589844 0.18664884567260742 -0.055492401123046875 -0.420917272567749 0.08281886577606201
