0 0 0.03480243682861328 -0.01809096336364746 -0.20819664001464844 -0.14266729354858398 0.009616374969482422 -0.051108479499816895 -0.06766879558563232
0 0 15.854118347167969 0.1758478879928589 43.371009826660156 -0.37255096435546875 0.03511476516723633 0.11960458755493164 -1.6995925903320312
1 5 0.06268739700317383 -0.04103368520736694 0.20775985717773438 -0.05122995376586914 -0.06124067306518555 -0.0741569995880127 -0.09326231479644775
1 0 21.906585693359375 0.2012661099433899 43.22005844116211 -0.1594386100769043 0.12118172645568848 0.2163527011871338 -1.4001283645629883
2 3 0.0025691986083984375 -0.008554339408874512 0.17432403564453125 -0.054364681243896484 0.03652763366699219 -0.005517840385437012 0.023957371711730957
2 4 -0.011235713958740234 -0.025989115238189697 0.4368896484375 -0.7519941329956055 -0.14032518863677979 -0.07756400108337402 -0.00851893424987793
3 2 -0.044367313385009766 -0.0021419525146484375 0.039905548095703125 -0.02012157440185547 -0.002559185028076172 -0.010279178619384766 0.005257368087768555
3 0 0.10624408721923828 0.004087984561920166 0.2451953887939453 -0.41405200958251953 -0.07873082160949707 -0.03219902515411377 0.10009658336639404
4 4 -0.054407596588134766 -0.004756033420562744 -0.2512245178222656 -0.24054241180419922 -0.03473401069641113 -0.010112762451171875 0.08251965045928955
4 3 0.024745464324951172 -0.014004111289978027 -0.10630035400390625 0.09391450881958008 0.07733523845672607 -0.015684127807617188 -0.1502171754837036
