0 0 0.11558246612548828 0.025847196578979492 0.08828926086425781 -0.10612249374389648 -0.016031265258789062 0.00043487548828125 -0.04235398769378662
0 1 -0.20463943481445312 -0.023451387882232666 -0.09391021728515625 0.1083993911743164 0.08268296718597412 -0.05940115451812744 -0.05858492851257324
0 0 15.864171981811523 -0.06024014949798584 38.64137649536133 -0.037906646728515625 -0.030856609344482422 -0.2389070987701416 -1.693230390548706
1 0 21.905860900878906 -0.03774452209472656 38.49503707885742 0.17557287216186523 0.05358719825744629 -0.14129674434661865 -1.4001293182373047
1 1 -0.5002155303955078 -0.07936090230941772 0.0765533447265625 -0.34656715393066406 -0.07130300998687744 -0.14879751205444336 -0.030690908432006836
3 0 0.12627410888671875 -0.04855912923812866 0.18227386474609375 -0.048915863037109375 -0.05301022529602051 -0.04973185062408447 0.09943640232086182
4 2 -0.020802021026611328 0.0054097771644592285 0.01258087158203125 0.05462980270385742 0.004564523696899414 0.009061932563781738 -0.00788867473602295
4 4 -0.07265472412109375 0.019223332405090332 -0.036590576171875 -0.1125645637512207 -0.023386240005493164 0.03262519836425781 0.05621802806854248
5 3 0.09647369384765625 -0.011742651462554932 -0.02898406982421875 -0.1130824089050293 0.010649561882019043 -0.0017478466033935547 -0.002064228057861328
5 1 0.08579063415527344 -0.030365407466888428 0.09386825561523438 0.006062030792236328 0.06513750553131104 -0.04828917980194092 0.046996355056762695
