0 0 4.245080947875977 0.04966330528259277 -21.768885672092438 -0.21117591857910156 -0.03729689121246338 0.09614717960357666 -3.0834765434265137
0 0 0.16199398040771484 0.04278302192687988 -0.5697536468505859 -0.42709779739379883 -0.10693764686584473 0.10009729862213135 -0.1715240478515625
0 0 19.853551864624023 0.2724006175994873 32.873409271240234 0.2611885070800781 0.03525090217590332 0.3973729610443115 -4.837243437767029
1 0 25.904403686523438 0.29748910665512085 32.724021911621094 0.47395992279052734 0.12104415893554688 0.49457335472106934 -4.54222047328949
1 1 -0.3573150634765625 0.02629709243774414 0.10654830932617188 -0.8399605751037598 -0.19279301166534424 0.042769670486450195 -6.14605188369751
2 3 0.06725358963012695 -0.06193220615386963 0.14387130737304688 -0.011162281036376953 -0.051494598388671875 -0.12312698364257812 -0.45824360847473145
3 0 0.03036355972290039 0.014670729637145996 0.13172149658203125 -0.13790416717529297 -0.023219704627990723 0.027253031730651855 0.018530607223510742
3 2 -0.022169113159179688 0.0016602277755737305 0.011568069458007812 -0.002967357635498047 -0.007951498031616211 0.0032019615173339844 0.011038064956665039
3 0 4.212615966796875 0.06774413585662842 -21.755961218848825 0.09015417098999023 -0.002511739730834961 0.13953161239624023 -2.9928665161132812
4 3 0.0010523796081542969 0.021837234497070312 -0.1190032958984375 0.004839420318603516 0.05466103553771973 0.015157461166381836 0.009383797645568848
