0 3 0.006409645080566406 -0.020879149436950684 -0.27455902099609375 -0.289186954498291 -0.02510392665863037 -0.03855907917022705 -0.04959380626678467
0 0 10.604055404663086 0.23656117916107178 12.187362670898438 0.26137447357177734 0.03535580635070801 0.3972979784011841 -3.442439004778862
1 0 16.65509796142578 0.2617751359939575 12.03792953491211 0.4741249084472656 0.12118148803710938 0.4945441484451294 -3.147230789065361
1 0 -0.08947277069091797 0.0678601861000061 0.14953994750976562 -0.6580862998962402 -0.1754244565963745 0.11399602890014648 0.0947265774011612
1 2 -0.3535480499267578 0.02652132511138916 0.10678482055664062 -0.8429832458496094 -0.19394540786743164 0.04290771484375 -6.146045446395874
2 1 0.09143924713134766 -0.050622403621673584 0.1911773681640625 0.02580881118774414 0.010023951530456543 -0.09274911880493164 0.046483516693115234
2 4 -0.0994873046875 -0.1216973066329956 0.03910064697265625 0.07982110977172852 0.06571471691131592 -0.23112380504608154 -0.050258517265319824
2 0 -13.634313902817667 0.09256160259246826 15.015159606933594 0.3582496643066406 0.03046393394470215 0.1332104206085205 -3.111790344119072
3 3 0.06867027282714844 -0.007487595081329346 0.24700927734375 -0.4030270576477051 -0.06443452835083008 -0.0443425178527832 0.05036437511444092
4 4 -0.005231380462646484 0.00829094648361206 -0.036098480224609375 -0.002292633056640625 8.821487426757812e-05 0.017029523849487305 0.006056308746337891
4 1 0.050209999084472656 0.009374260902404785 0.28687286376953125 -0.01171255111694336 0.023318767547607422 -0.057663917541503906 0.15075898170471191
4 0 -13.550195872783661 0.2241242527961731 14.948310852050781 0.5008411407470703 0.016788959503173828 0.3788949251174927 -3.2452310770750046
