0 3 0.14147615432739258 0.009861111640930176 -0.7164382934570312 -1.0148205757141113 -0.22543442249298096 0.02380061149597168 -0.11088526248931885
0 0 -0.28539466857910156 -0.14693158864974976 0.19443511962890625 0.3100142478942871 0.15400278568267822 -0.3048098087310791 0.1351708397269249
0 0 7.501243591308594 0.012774348258972168 10.627212524414062 -0.03969526290893555 0.12435877323150635 -0.09805071353912354 -3.006010353565216
1 0 13.55389404296875 0.03647416830062866 10.475601196289062 0.17461490631103516 0.21032226085662842 -0.001980304718017578 -2.71302992105484
1 0 -0.4478912353515625 -0.013661801815032959 0.19871139526367188 -0.3131241798400879 -0.07786309719085693 -0.04538404941558838 1.1006777882575989
2 1 0.007180690765380859 -0.025891363620758057 0.27234649658203125 0.0023260116577148438 0.012591958045959473 -0.057182908058166504 0.01736593246459961
2 2 -0.04900407791137695 -0.15854287147521973 0.49176788330078125 -0.04015398025512695 0.07746875286102295 -0.3254208564758301 -0.015118002891540527
2 0 -16.452742159366608 -0.1290518045425415 13.040786743164062 0.3285083770751953 0.16905105113983154 -0.3188810348510742 -2.7196303009986877
3 3 0.01707315444946289 0.0001207590103149414 -0.05858421325683594 -0.013270378112792969 -0.0093841552734375 0.031106233596801758 -0.019176006317138672
4 2 -0.011298179626464844 0.008730411529541016 -0.0263214111328125 -0.015933990478515625 -0.007148265838623047 0.013418912887573242 -0.00445246696472168
4 1 -0.08253908157348633 -0.01754021644592285 -0.16053009033203125 0.0055599212646484375 0.011691808700561523 -0.04152679443359375 0.05425143241882324
5 0 0.24741363525390625 -0.1251097321510315 0.12598800659179688 -0.0031375885009765625 0.006844282150268555 -0.21573758125305176 0.04356516897678375
5 0 -16.344491600990295 -0.06907802820205688 13.043437957763672 0.01969432830810547 0.11876571178436279 -0.2746763229370117 1.6130134463310242
