0 2 -0.09536457061767578 -0.028929829597473145 0.2131481170654297 -0.02923297882080078 0.03542923927307129 -0.08442819118499756 0.00014066696166992188
0 0 15.848920822143555 -0.09840118885040283 -1.4561805725097656 -0.03815031051635742 -0.033377647399902344 -0.2379133701324463 -1.7017765045166016
0 1 -0.27288246154785156 -0.08284080028533936 -0.13607025146484375 0.03269147872924805 -0.02962207794189453 -0.1544482707977295 -0.07614779472351074
1 3 -0.05188131332397461 0.0061858296394348145 0.08179092407226562 -0.06458711624145508 -0.0020253658294677734 0.024543046951293945 -0.03289031982421875
1 0 21.897537231445312 -0.0724480152130127 -1.6036567687988281 0.17557287216186523 0.05358743667602539 -0.14129674434661865 -1.4003329277038574
1 1 -0.40960121154785156 -0.05491650104522705 0.023349761962890625 0.04568195343017578 -0.00926065444946289 -0.14589500427246094 -5.843029499053955
1 2 -0.5103816986083984 0.010989964008331299 0.28406333923339844 -0.7218546867370605 -0.14582359790802002 -0.050200700759887695 -0.23629546165466309
2 0 0.10511207580566406 -0.19240939617156982 0.2589874267578125 0.0793008804321289 -0.06986379623413086 -0.27818799018859863 0.0942922830581665
3 2 -0.026274681091308594 0.009636938571929932 0.08408546447753906 -0.015194416046142578 -0.013574838638305664 0.026982784271240234 -0.0450587272644043
4 0 -0.009942054748535156 0.0019164085388183594 -0.10194015502929688 0.006034374237060547 0.021344900131225586 0.035135746002197266 0.009255766868591309
5 1 0.12099075317382812 -0.07257682085037231 0.16953659057617188 0.022136688232421875 -0.027119874954223633 -0.13004779815673828 -6.270210027694702
5 0 -0.07329368591308594 -0.11718332767486572 -0.2718505859375 -0.0004277229309082031 -0.11843538284301758 -0.18102586269378662 -0.010579705238342285
