0 0 0.10277891159057617 -0.023467302322387695 -0.27747344970703125 -0.1514585018157959 0.04641890525817871 -0.0121307373046875 -0.04681062698364258
0 0 19.851533889770508 0.19573360681533813 36.67340087890625 0.7631404399871826 0.2525097131729126 0.25228023529052734 -4.833250999450684
0 1 -0.022856593132019043 -0.28075987100601196 0.4510498046875 0.1164097785949707 -0.0389857292175293 -0.37847447395324707 3.8805222511291504
1 0 25.90473175048828 0.22016489505767822 36.52230453491211 0.975996732711792 0.33787333965301514 0.3496580123901367 -4.541721820831299
1 4 -0.2290019989013672 0.06203961372375488 0.11256790161132812 -0.6100502014160156 -0.1517784595489502 0.11343920230865479 0.06517200917005539
2 1 0.09922528266906738 -0.21137595176696777 0.4221153259277344 0.1517963409423828 -0.006517171859741211 -0.2866191864013672 -0.1383044719696045
3 0 -0.015109539031982422 -0.008185505867004395 0.10293388366699219 -0.00030112266540527344 0.03648245334625244 0.0044803619384765625 -0.007557511329650879
4 3 0.004023551940917969 0.005038857460021973 -0.007007598876953125 -0.012614250183105469 0.0023453235626220703 0.000523686408996582 -0.012963652610778809
4 2 -0.02944183349609375 0.0011235475540161133 -0.0949554443359375 -0.08028507232666016 -0.016185879707336426 -0.006628870964050293 0.009680509567260742
4 1 0.1675519347190857 -0.11388540267944336 0.05568695068359375 0.12550020217895508 -0.03666114807128906 -0.1751854419708252 -0.1990642547607422
5 5 0.029407501220703125 0.009330213069915771 0.07712173461914062 -0.13671517372131348 -0.06486392021179199 0.005671024322509766 -0.055405378341674805
5 1 0.010185524821281433 -0.21745824813842773 -0.5329513549804688 0.19809913635253906 0.011331796646118164 -0.3246157169342041 -0.20966291427612305
