0 0 19.8518009185791 0.19550538063049316 29.25969696044922 0.7639930248260498 0.2531238794326782 0.2517852783203125 -4.83012855052948
1 4 0.016596317291259766 0.00890803337097168 -0.1226806640625 -0.005010128021240234 -0.03950965404510498 0.01336371898651123 -0.012729167938232422
1 0 25.905868530273438 0.22016608715057373 29.108226776123047 0.9759976863861084 0.33787357807159424 0.34965837001800537 -4.5406025648117065
2 5 0.04795551300048828 -0.009557127952575684 0.16289520263671875 0.029993295669555664 0.014513492584228516 -0.0010257959365844727 0.06397855281829834
2 3 0.05244255065917969 0.03578299283981323 0.37465667724609375 -0.337996244430542 -0.05781877040863037 0.08707499504089355 -0.005011558532714844
2 1 0.3335053324699402 -0.2591080069541931 0.11118316650390625 0.2428750991821289 -0.026775598526000977 -0.33524298667907715 -0.13790416717529297
3 0 -0.013831615447998047 -0.00741732120513916 0.07523345947265625 -0.029368877410888672 0.006552696228027344 0.0020837783813476562 0.009145617485046387
4 4 -0.05700397491455078 0.010084688663482666 -0.02703857421875 0.031768798828125 0.0032973289489746094 0.016208887100219727 -0.07779300212860107
4 2 -0.034885406494140625 0.00040280818939208984 -0.07421493530273438 -0.08566951751708984 -0.016806840896606445 -0.003950595855712891 0.0012221336364746094
4 3 0.015552520751953125 0.014954149723052979 -0.08520889282226562 -0.18240928649902344 -0.009102106094360352 0.03645956516265869 0.05336952209472656
4 5 -0.0626378059387207 -0.011531472206115723 -0.218170166015625 -0.06048297882080078 -0.0016100406646728516 -0.01897275447845459 -0.04098796844482422
4 1 0.3095172047615051 -0.07424497604370117 -0.048816680908203125 0.07391643524169922 -0.03616786003112793 -0.08126294612884521 -0.062395572662353516
