0 4 0.01696300506591797 0.006960451602935791 -0.03631019592285156 -0.017740249633789062 0.022645115852355957 -0.0004945993423461914 -0.0747915506362915
0 0 -9.363075256347656 0.1561368703842163 11.209228515625 -0.2340378761291504 0.040863752365112305 0.11291360855102539 -3.1803235594852595
1 0 -3.8015193939208984 0.1976047158241272 11.316463470458984 -0.15944385528564453 0.12117767333984375 0.2163468599319458 -2.971152741156402
1 1 -0.3158149719238281 -0.0697069764137268 -0.08070755004882812 0.1556401252746582 0.05124247074127197 -0.12610912322998047 -0.0181734561920166
2 3 -0.03266716003417969 0.004602968692779541 0.5023269653320312 -1.0887253284454346 -0.2968881130218506 0.027288198471069336 -0.03175532817840576
2 2 -0.047684669494628906 0.017442524433135986 0.5910148620605469 -0.5495731830596924 -0.07204222679138184 0.05640995502471924 0.0379561185836792
3 4 0.0806417465209961 -0.027883052825927734 0.2030200958251953 0.01624011993408203 0.01368701457977295 -0.053484559059143066 0.06969034671783447
4 2 -0.012918472290039062 0.009234309196472168 -0.017917633056640625 -0.1502394676208496 -0.015117883682250977 0.0558013916015625 0.047849059104919434
4 3 -0.03477668762207031 -0.007487475872039795 -0.314422607421875 -0.3326706886291504 -0.04126763343811035 -0.06320273876190186 -0.0012797117233276367
5 0 0.15052032470703125 -0.032074570655822754 0.038188934326171875 -0.3085036277770996 -0.007145881652832031 -0.11483526229858398 0.02353832528751809
