0 0 19.961593627929688 0.26954126358032227 -4.205558776855469 0.26209211349487305 0.03643488883972168 0.3966951370239258 -4.846217751502991
0 4 0.16523265838623047 -0.02269059419631958 -0.36144447326660156 -0.03697490692138672 0.024135351181030273 -0.05090010166168213 -0.15416789054870605
1 1 -0.0493159294128418 -0.023137331008911133 0.110565185546875 -0.0065670013427734375 -0.01970219612121582 -0.035544395446777344 -0.5108147859573364
1 2 -0.04104280471801758 0.014859914779663086 0.065399169921875 0.014174938201904297 0.013599634170532227 0.01912403106689453 0.024813175201416016
1 0 26.015670776367188 0.2941988706588745 -4.357017517089844 0.4741196632385254 0.12122249603271484 0.49450016021728516 -4.55672824382782
2 2 0.07146310806274414 -0.21179544925689697 0.8501014709472656 0.06701421737670898 -0.08236026763916016 -0.3667033910751343 -0.06804001331329346
2 0 0.09938383102416992 0.01577925682067871 -0.053035736083984375 -0.21003437042236328 -0.03629732131958008 0.0527949333190918 -0.009826183319091797
3 3 -0.013418197631835938 -0.007835030555725098 0.07390403747558594 -0.0622105598449707 0.02214038372039795 0.0068122148513793945 -0.0036276578903198242
3 4 0.0028276443481445312 -0.024739205837249756 0.18158340454101562 0.0128326416015625 -0.002124190330505371 -0.043572425842285156 0.0027866363525390625
4 0 -0.07377243041992188 0.010146558284759521 -0.050373077392578125 -0.08225059509277344 -0.02194535732269287 0.018671631813049316 0.0450056791305542
