0 4 0.01996135711669922 -0.022819817066192627 -0.13061141967773438 -0.3415989875793457 -0.020261287689208984 -0.0873410701751709 -0.07068908214569092
0 0 16.12702751159668 0.20365369319915771 -8.692153930664062 0.9284782409667969 0.17822504043579102 0.31614363193511963 -1.7596887350082397
1 5 -0.038548946380615234 0.008231699466705322 -0.000751495361328125 -0.019664287567138672 -0.011098265647888184 0.013150572776794434 -0.040044546127319336
1 2 0.04886198043823242 0.008279144763946533 0.027271270751953125 -0.027685165405273438 0.008462309837341309 0.00830221176147461 -0.054807186126708984
1 0 22.140798568725586 0.2631151080131531 -8.820518493652344 0.8960928916931152 0.24644017219543457 0.428020715713501 -1.5986944437026978
3 4 0.17588424682617188 0.0014432072639465332 0.3802156448364258 -0.6596593856811523 -0.13171696662902832 -0.07512021064758301 0.249029278755188
4 0 -0.0039501190185546875 0.029956519603729248 0.02911376953125 0.06777667999267578 0.002846837043762207 0.006961226463317871 0.035276174545288086
4 3 -0.034676551818847656 -0.004141390323638916 0.009555816650390625 -0.03191375732421875 -0.005612373352050781 0.02586221694946289 -0.002185344696044922
5 1 0.06598854064941406 0.014465749263763428 0.11799240112304688 -0.2576000690460205 -0.08382749557495117 0.011672377586364746 -0.0372464656829834
5 3 -0.4164891242980957 0.0027967095375061035 -0.2402496337890625 -1.281383752822876 -0.29164159297943115 -0.010211706161499023 -1.6258007287979126
