0 4 0.016160964965820312 0.019902050495147705 -0.048081398010253906 -0.031757354736328125 0.042666077613830566 0.005305767059326172 -0.06731069087982178
0 0 -5.06422233581543 0.1772405505180359 11.406097412109375 -0.3715944290161133 0.035530805587768555 0.11935091018676758 -3.2609504321590066
1 0 0.9873275756835938 0.2023504376411438 11.255012512207031 -0.1594529151916504 0.12118911743164062 0.21634459495544434 -2.963139639236033
1 2 -0.14525222778320312 -0.020619094371795654 0.036991119384765625 -0.3240365982055664 -0.022649526596069336 -0.0990678071975708 -5.759799003601074
2 1 -0.040782928466796875 -0.0496746301651001 0.31948089599609375 -0.40279579162597656 0.005997180938720703 -0.20032715797424316 -0.002151012420654297
3 5 0.010682106018066406 -0.008904814720153809 -0.05722999572753906 -0.011188030242919922 0.006777048110961914 -0.0034399032592773438 -0.0007135868072509766
3 3 0.04011678695678711 -0.0076857805252075195 0.137542724609375 -0.009746074676513672 -0.008115291595458984 -0.011397600173950195 0.017994165420532227
3 4 0.00719451904296875 -0.031430065631866455 0.14163684844970703 0.05750131607055664 0.02372109889984131 -0.0633385181427002 0.012566447257995605
4 1 -0.049396514892578125 0.0005514025688171387 0.00074005126953125 -0.3646683692932129 -0.07574927806854248 -0.021752476692199707 0.02363264560699463
5 0 0.192962646484375 -0.011102676391601562 -0.037616729736328125 -0.2310800552368164 -0.0011258125305175781 -0.08679234981536865 0.04045054968446493
5 1 -0.1313314437866211 -0.033027589321136475 -0.7104644775390625 -0.28350353240966797 0.03036212921142578 -0.1825488805770874 -0.18898212909698486
