0 5 0.09916925430297852 -0.00989466905593872 -0.2678537368774414 -0.1648869514465332 0.0229184627532959 -0.01676023006439209 -0.09003233909606934
0 0 19.847375869750977 0.20989298820495605 12.10092544555664 -0.42615747451782227 -0.06654548645019531 0.26408660411834717 -4.831395626068115
1 0 -0.03212308883666992 -0.004713296890258789 0.049560546875 -0.03145027160644531 -0.003517627716064453 -0.0034449100494384766 0.008558392524719238
1 0 25.901830673217773 0.234552264213562 11.949337005615234 -0.2141423225402832 0.018136978149414062 0.36195945739746094 -4.541717767715454
2 1 0.01788043975830078 -0.044192492961883545 0.1839752197265625 -0.5394949913024902 -0.07718706130981445 -0.0949854850769043 0.01012718677520752
3 5 -0.005652904510498047 -0.004946410655975342 0.05274009704589844 -0.007811546325683594 0.0035303831100463867 0.005291461944580078 -0.007088422775268555
3 4 0.011535167694091797 -0.0019428730010986328 -0.0072383880615234375 -0.018988609313964844 -0.0034494400024414062 0.014383912086486816 -0.010934591293334961
4 3 0.0016732215881347656 -0.0020338892936706543 0.060947418212890625 -0.0699009895324707 -0.0036516189575195312 -0.018508076667785645 -0.010684013366699219
4 1 -0.0418553352355957 -0.005871951580047607 -0.37303924560546875 -0.7931461334228516 -0.16826462745666504 -0.015970587730407715 0.03564012050628662
5 2 0.35338401794433594 -0.024053990840911865 0.014759063720703125 -0.4475736618041992 -0.07421994209289551 -0.06502866744995117 -0.017779553309082985
