0 4 0.10843944549560547 0.04414033889770508 -0.27567100524902344 -0.36294126510620117 -0.13196039199829102 0.09502005577087402 -0.12383413314819336
0 0 19.889665603637695 0.2734355926513672 8.477794647216797 0.26198673248291016 0.03629350662231445 0.3968076705932617 -4.835108518600464
1 0 -0.015089035034179688 0.00520855188369751 0.023410797119140625 -0.004614353179931641 0.0020630359649658203 0.00203096866607666 0.011875510215759277
1 0 25.94321060180664 0.2982558608055115 8.326740264892578 0.47441530227661133 0.12118768692016602 0.49484705924987793 -4.5451414585113525
2 3 0.027009010314941406 -0.0002345442771911621 0.09865570068359375 -0.016566991806030273 0.00551605224609375 -0.009145736694335938 0.020325779914855957
2 2 -0.048964500427246094 -0.03506803512573242 0.35460662841796875 -0.39514923095703125 -0.015016436576843262 -0.11339008808135986 -0.06728577613830566
3 4 0.04345512390136719 0.014498770236968994 0.11912155151367188 -0.011071205139160156 -0.0014851093292236328 0.03197371959686279 -0.043771982192993164
4 1 -0.008979320526123047 -0.004633128643035889 0.11475372314453125 -0.14121007919311523 -0.024318695068359375 -0.01643228530883789 -0.025266051292419434
4 2 -0.15594148635864258 -0.0018083453178405762 -0.3575935363769531 -0.8099040985107422 -0.13173961639404297 -0.08634233474731445 0.15475499629974365
4 3 0.04158592224121094 0.012723803520202637 -0.429718017578125 0.002824068069458008 -0.026018619537353516 0.009692549705505371 -0.10113120079040527
