0 6 0.10497188568115234 -0.019406795501708984 -0.20590877532958984 -0.0209197998046875 -0.02511000633239746 -0.05184519290924072 -0.0744243860244751
0 4 0.0664224624633789 -0.16655027866363525 0.00894927978515625 0.12014198303222656 0.09673202037811279 -0.3118981122970581 -1.8767573833465576
0 0 2.399272918701172 0.0007014870643615723 15.187110900878906 0.09265422821044922 0.13020765781402588 -0.09860765933990479 -0.038971662521362305
1 2 -0.03079509735107422 -0.008437275886535645 -0.008998870849609375 0.022900819778442383 0.011216878890991211 0.013523459434509277 -0.041181325912475586
1 0 7.95341682434082 0.03876543045043945 15.309078216552734 0.17461490631103516 0.2103201150894165 -0.0019806623458862305 0.16927242279052734
1 0 -0.4876365661621094 -0.09540128707885742 0.0481414794921875 -0.36583709716796875 -0.07560479640960693 -0.1633458137512207 -0.021996259689331055
3 3 0.01729583740234375 -0.0037201642990112305 0.14612579345703125 -0.040232181549072266 0.002324342727661133 -0.01425015926361084 0.0014739036560058594
3 6 0.09493732452392578 -0.05304926633834839 0.21734237670898438 -0.016588211059570312 -0.05163168907165527 -0.05721914768218994 0.07604110240936279
4 1 0.008131980895996094 -0.009329676628112793 -0.08638381958007812 -0.14872026443481445 -0.01339113712310791 0.00019180774688720703 0.04266965389251709
5 5 0.5232753753662109 0.014908373355865479 0.11749649047851562 -1.0223572254180908 -0.24036633968353271 -0.0028783082962036133 -6.349005699157715
5 4 0.14150238037109375 -0.15414738655090332 -0.01776123046875 0.15546417236328125 0.10320961475372314 -0.2780367136001587 -0.2567094564437866
