0 2 0.123504638671875 -0.01702326536178589 -0.2536478042602539 -0.2080976963043213 0.0488893985748291 -0.03358125686645508 -0.0963977575302124
0 0 -10.74365234375 0.19631093740463257 11.395519256591797 0.7637121677398682 0.2525373697280884 0.2519958019256592 -3.2617340232245624
1 4 -0.04291486740112305 -0.010679960250854492 -0.005062103271484375 0.0031890869140625 -0.01690506935119629 -0.032946228981018066 -0.5527507066726685
1 0 -4.691791534423828 0.22125929594039917 11.245552062988281 0.975996732711792 0.33787500858306885 0.34965765476226807 -2.969571366440505
2 7 0.002952098846435547 0.0007436871528625488 0.08855438232421875 -0.011323928833007812 0.0012574195861816406 0.0034961700439453125 0.025328874588012695
3 2 -0.007884025573730469 -0.000793159008026123 0.04830360412597656 0.03175091743469238 0.02490234375 0.012368321418762207 0.010275602340698242
3 3 0.009477615356445312 -0.008267343044281006 0.10445976257324219 -0.05099916458129883 0.0007555484771728516 -0.01772308349609375 0.014614224433898926
4 1 0.029173851013183594 0.009260714054107666 0.0072479248046875 -0.005897998809814453 -0.02373480796813965 0.003178238868713379 -0.010708212852478027
4 6 -0.0030832290649414062 0.0023693442344665527 0.00768280029296875 -0.0002818107604980469 -0.0070770978927612305 -0.0011154413223266602 0.035566091537475586
4 7 0.02679300308227539 0.037570953369140625 -0.3199920654296875 -0.27094435691833496 -0.1194312572479248 0.06507563591003418 -0.012784242630004883
5 0 0.10760879516601562 0.0003044009208679199 0.00196075439453125 -0.1209101676940918 0.017208576202392578 -0.0023003816604614258 0.0296468292362988
