0 1 0.1282501220703125 0.035236358642578125 -0.22823715209960938 -0.25421667098999023 -0.08575308322906494 0.07634830474853516 -0.06482720375061035
0 0 -9.657140731811523 0.21006649732589722 11.526634216308594 0.8112502098083496 0.1879889965057373 0.26576554775238037 -3.2627611406860524
0 2 0.16703033447265625 -0.1481807827949524 -0.7188587188720703 0.03850126266479492 -0.06927037239074707 -0.2944074869155884 -0.1338040828704834
1 0 -3.6051368713378906 0.23338299989700317 11.37567138671875 1.0255861282348633 0.2738931179046631 0.3620542287826538 -2.9718308695373707
1 4 -0.564117431640625 0.02727741003036499 0.09804916381835938 -0.69677734375 -0.15590894222259521 -0.0006957054138183594 0.09325095970416442
2 3 0.07425975799560547 -0.05599313974380493 0.3327789306640625 -0.03446388244628906 -0.058916568756103516 -0.08087611198425293 0.02992415428161621
2 0 -29.67918825149536 0.11913567781448364 36.71104431152344 0.8531064987182617 0.10109353065490723 0.2750835418701172 1.5965738049926586
3 1 0.001980304718017578 -0.0014235377311706543 0.12379837036132812 -0.07623434066772461 -0.0014698505401611328 0.0023850202560424805 0.00567936897277832
3 2 0.008353710174560547 -0.0031371116638183594 0.09029960632324219 0.01410818099975586 -0.010760307312011719 -0.011700630187988281 0.013180971145629883
4 3 0.011156082153320312 -0.03910917043685913 -0.1953277587890625 0.020395278930664062 -0.016339540481567383 -0.06718885898590088 0.04876911640167236
4 0 -29.63607120513916 0.03374260663986206 36.251670837402344 0.2437450885772705 0.01923966407775879 0.05029261112213135 1.4734549275817699
5 0 -0.0011138916015625 0.005858957767486572 0.035511016845703125 -0.0809168815612793 -0.046539902687072754 -0.007413148880004883 0.0009370274128741585
5 4 0.6132907867431641 -0.0956878662109375 0.1351776123046875 -0.7615036964416504 -0.051987528800964355 -0.24112343788146973 -0.06905635487055406
