0 0 -7.400575637817383 0.21712654829025269 11.390827178955078 -0.4262552261352539 -0.06681537628173828 0.26421594619750977 -3.2564927763305604
1 6 -0.03580904006958008 -0.03214186429977417 0.0281219482421875 0.02874469757080078 -0.014081478118896484 0.021134495735168457 -0.015612602233886719
1 0 -1.3469295501708984 0.24187147617340088 11.23953628540039 -0.214141845703125 0.018128633499145508 0.36195433139801025 -2.965886516030878
2 5 0.04035663604736328 -0.006851315498352051 0.09964752197265625 0.06448674201965332 0.021281003952026367 -0.01277303695678711 -0.019543170928955078
2 1 0.02835845947265625 -0.002906322479248047 0.1145782470703125 -0.01750802993774414 0.007996320724487305 -0.006059527397155762 0.0006731748580932617
3 3 -0.04442548751831055 0.002506256103515625 -0.012401580810546875 -0.013244152069091797 -0.003081679344177246 0.0015950202941894531 -0.0094984769821167
4 4 -0.02938699722290039 0.001869499683380127 -0.004314422607421875 0.020871639251708984 0.002188444137573242 0.004329323768615723 0.025738954544067383
4 1 -0.07728433609008789 0.009811878204345703 -0.5414886474609375 -0.628333568572998 -0.12411320209503174 0.017449021339416504 0.09887957572937012
4 5 -0.17847537994384766 0.0022440552711486816 -0.2503852844238281 -0.14632129669189453 -0.009584784507751465 -0.009327888488769531 0.14001059532165527
5 0 0.2216167449951172 -0.0181160569190979 -0.034656524658203125 -0.3737192153930664 -0.05212259292602539 -0.061086177825927734 0.028186547104269266
5 2 0.15654754638671875 0.013923227787017822 0.10385894775390625 -0.16180419921875 -0.045925021171569824 0.018517494201660156 -6.103139162063599
