0 1 0.1435689926147461 -0.02736121416091919 0.27032384276390076 -0.9535324573516846 -0.13397479057312012 -0.11982524394989014 -0.015277385711669922
1 0 -0.01483297348022461 0.002190232276916504 -0.06856155395507812 -0.006468296051025391 -0.0016880035400390625 0.009478092193603516 0.003247499465942383
1 3 0.03147697448730469 -0.03928494453430176 0.3562965393066406 -0.8764419555664062 -0.09759736061096191 -0.13690614700317383 0.015143752098083496
2 2 0.10553455352783203 -0.08936703205108643 0.18848037719726562 -0.03551149368286133 -0.0758512020111084 -0.14986872673034668 -0.47679591178894043
3 1 0.1773357391357422 0.01105201244354248 0.40858280658721924 -0.6659708023071289 -0.1101837158203125 -0.06845498085021973 0.14000391960144043
3 3 -0.007908821105957031 0.021165132522583008 -0.5030059814453125 -0.8345084190368652 -0.16955351829528809 -0.0490267276763916 -0.04941880702972412
4 2 0.0025873184204101562 0.02702033519744873 -0.09754562377929688 0.02362346649169922 0.0568544864654541 0.01954340934753418 0.0011687278747558594
4 0 -0.002632617950439453 -0.02733790874481201 0.5610694885253906 -0.6573686599731445 -0.09005427360534668 -0.06510710716247559 0.0034002065658569336
5 4 0.2331695556640625 -0.02659386396408081 0.00019073486328125 -0.4280853271484375 -0.07484722137451172 -0.045812368392944336 -0.0020889078004984185
5 2 -0.11548662185668945 -0.12114572525024414 -0.4656639099121094 -0.0359187126159668 -0.0997776985168457 -0.2297137975692749 -0.007965445518493652
