0 0 -3.9210195541381836 -0.10576379299163818 54.561737060546875 0.22000503540039062 0.1445598602294922 -0.17599725723266602 -1.5670270919799805
0 0 15.850366592407227 0.12838834524154663 29.259239196777344 -0.3714427947998047 0.03643178939819336 0.11847960948944092 -1.6896545886993408
0 0 0.10506725311279297 -0.04440295696258545 -0.2875862121582031 -0.19583368301391602 0.007818937301635742 -0.0552290678024292 -0.08452141284942627
1 0 21.904434204101562 0.15304899215698242 29.107769012451172 -0.1594386100769043 0.12118172645568848 0.2163527011871338 -1.4001283645629883
1 0 -0.12221050262451172 -0.014451205730438232 0.5513401031494141 -1.0138590335845947 -0.18960964679718018 -0.09231734275817871 0.050522446632385254
2 2 0.0068454742431640625 -0.04166984558105469 0.30675506591796875 -0.6206512451171875 -0.09726762771606445 -0.10811519622802734 0.030250072479248047
2 0 -4.005421161651611 -0.018867850303649902 54.37825012207031 -0.7561264038085938 -0.10366582870483398 -0.04888200759887695 3.0817723274230957
3 1 0.02122783660888672 -0.00852888822555542 0.041110992431640625 -0.026424407958984375 0.010150671005249023 -0.02297830581665039 0.007650971412658691
3 0 0.0654306411743164 0.0006331801414489746 0.1475200653076172 -0.11074256896972656 -0.034619927406311035 0.05701041221618652 0.030293583869934082
4 2 -0.028175830841064453 -0.0016443133354187012 -0.40621185302734375 -0.5414223670959473 -0.11642146110534668 -0.004651546478271484 0.06082141399383545
4 0 -4.194798469543457 -0.07224488258361816 54.54833221435547 -1.015667200088501 -0.14646100997924805 -0.12437748908996582 2.9076770544052124
