0 1 0.0725240707397461 -0.006917119026184082 -0.1563720703125 -0.0005383491516113281 0.011905193328857422 -0.033902525901794434 -0.07542788982391357
0 3 0.17216110229492188 0.001691579818725586 -0.23527908325195312 -0.5783591270446777 -0.10095107555389404 -0.08165156841278076 0.011602640151977539
0 0 0.17606306076049805 0.023779690265655518 -0.42614173889160156 -0.3725616931915283 -0.07142198085784912 0.04848480224609375 -0.12967360019683838
0 0 19.85088348388672 0.2700362801551819 29.978343963623047 0.2620677947998047 0.03638315200805664 0.39668309688568115 -4.831239581108093
1 0 25.904808044433594 0.2946907877922058 29.82693099975586 0.4741249084472656 0.12118148803710938 0.49454402923583984 -4.541666388511658
2 2 -0.03733062744140625 -0.005166172981262207 0.09259033203125 -0.05664181709289551 0.00819385051727295 0.003984928131103516 0.004215598106384277
3 0 -0.003315448760986328 -4.5359134674072266e-05 0.03857231140136719 -0.030918598175048828 0.0035223960876464844 0.002044081687927246 0.002355813980102539
3 3 0.15483665466308594 -0.010590851306915283 0.15810394287109375 -0.6334667205810547 -0.11294424533843994 -0.05587506294250488 0.08212828636169434
3 1 0.07946109771728516 -0.036831557750701904 0.24485301971435547 -0.06084728240966797 -0.07600235939025879 -0.052231788635253906 0.151969313621521
4 2 0.058910369873046875 -0.0043967366218566895 -0.31490325927734375 -0.04854011535644531 -0.0051375627517700195 -0.011205196380615234 -0.013432025909423828
5 4 0.3670673370361328 -0.009022235870361328 0.07024765014648438 -0.7746834754943848 -0.17440497875213623 -0.01166534423828125 0.020195484161376953
