0 5 -0.009088516235351562 0.011593341827392578 -0.1704120635986328 -0.1669023036956787 0.012752413749694824 0.012381553649902344 -0.05263113975524902
0 0 19.84409523010254 -0.06266951560974121 -15.108959197998047 -0.03656339645385742 -0.03139448165893555 -0.23903775215148926 -4.8324055671691895
1 4 -0.05764484405517578 -0.012365221977233887 0.022197723388671875 0.004065990447998047 -0.016730308532714844 -0.03233027458190918 -0.4663088321685791
1 0 25.897689819335938 -0.03792679309844971 -15.26022720336914 0.17557287216186523 0.05358743667602539 -0.1412966251373291 -4.5417211055755615
2 0 0.06341886520385742 -0.01835620403289795 0.1778717041015625 -0.029007434844970703 -0.020844697952270508 -0.02827286720275879 0.03359949588775635
2 3 -0.07163190841674805 -0.01820063591003418 0.18449020385742188 0.031826019287109375 0.0686347484588623 -0.0009046792984008789 -0.09774279594421387
3 5 0.04911041259765625 -0.016498565673828125 0.1881256103515625 -0.13464641571044922 0.020786166191101074 -0.012322545051574707 0.005343914031982422
4 2 0.03550434112548828 0.005197465419769287 0.015445709228515625 0.003326892852783203 -0.018399477005004883 -0.0004774332046508789 -0.0031905174255371094
4 0 0.06570720672607422 -0.034654855728149414 -0.2657470703125 -0.018557071685791016 -0.040678977966308594 -0.07415008544921875 -0.014951705932617188
4 3 -0.03791046142578125 -0.011385560035705566 -0.188629150390625 -0.11744832992553711 0.0202944278717041 -0.01523435115814209 0.019776463508605957
5 1 0.290802001953125 0.03181105852127075 0.13869857788085938 -0.27863216400146484 -0.088326096534729 0.06092548370361328 -6.136512756347656
