0 3 0.0870218276977539 -0.0345340371131897 -0.29260826110839844 -0.006487369537353516 -0.024652719497680664 -0.07841837406158447 -0.10929477214813232
0 0 16.065603256225586 0.01308828592300415 -3.296417236328125 0.07732582092285156 0.11437737941741943 -0.04777359962463379 -1.7582024335861206
1 0 21.897045135498047 0.04293602705001831 -3.3704833984375 0.17461299896240234 0.21031582355499268 -0.001984834671020508 -1.4006632566452026
2 4 0.02003622055053711 0.001284182071685791 0.00304412841796875 0.018521785736083984 0.003175497055053711 0.015578627586364746 0.01730489730834961
2 1 -0.03512763977050781 -0.046697378158569336 0.1860198974609375 -0.15877056121826172 0.0442047119140625 -0.14461040496826172 0.016585946083068848
3 3 0.0850820541381836 -0.039005935192108154 0.19118022918701172 -0.011566638946533203 -0.04057002067565918 -0.04165458679199219 0.0464707612991333
4 1 -0.09678459167480469 0.006178677082061768 -0.059825897216796875 -0.14275455474853516 -0.025475621223449707 -0.009072542190551758 0.05083942413330078
4 0 0.0029764175415039062 0.005864620208740234 -0.019657135009765625 -0.03269338607788086 0.0023535490036010742 0.011458396911621094 0.03511691093444824
4 4 -0.049486637115478516 -0.003929018974304199 -0.14884185791015625 -0.0661923885345459 0.016298294067382812 -0.014417171478271484 0.043793678283691406
5 2 0.4413948059082031 -0.0015673637390136719 0.03693389892578125 -0.7469801902770996 -0.18437933921813965 0.014084219932556152 -0.06088376045227051
