0 0 19.792348861694336 0.20661044120788574 4.310962677001953 0.811790943145752 0.18766331672668457 0.2657221555709839 -4.8482948541641235
0 5 0.18159866333007812 0.0007778406143188477 -0.6753101348876953 -0.8820419311523438 -0.18368256092071533 0.0035887956619262695 -0.1442887783050537
1 2 -0.04644966125488281 0.007712125778198242 0.0632476806640625 -0.013175249099731445 -0.006725788116455078 0.012016892433166504 -0.015872836112976074
1 0 0.015502452850341797 0.00874251127243042 -0.10349273681640625 -0.012099266052246094 -0.04740703105926514 0.009566307067871094 -0.004878878593444824
1 0 25.832372665405273 0.2352813482284546 4.1543731689453125 1.0264792442321777 0.27497386932373047 0.3655109405517578 -4.55047333240509
2 3 0.016237735748291016 -0.0011597871780395508 0.072784423828125 -0.0008211135864257812 0.012812376022338867 0.008529424667358398 -0.03259873390197754
2 0 -0.15794658660888672 -0.020217835903167725 0.07094573974609375 0.20584917068481445 0.06281602382659912 -0.04652130603790283 -0.11697471141815186
3 5 0.010438919067382812 0.0010389089584350586 -0.007755279541015625 0.009795188903808594 0.00636744499206543 0.009099483489990234 -0.0017920732498168945
4 0 0.00870513916015625 0.013997793197631836 -0.13947677612304688 0.19980978965759277 0.0031877756118774414 0.03647279739379883 0.013217687606811523
4 3 -0.07435178756713867 0.05161130428314209 -0.2524566650390625 -0.37359166145324707 -0.14193415641784668 0.08503544330596924 0.07734012603759766
5 4 -0.11835479736328125 0.004513919353485107 0.03940582275390625 0.06539082527160645 -0.00971531867980957 0.004238486289978027 -0.01558785054658074
5 1 0.21947288513183594 -0.015069186687469482 0.043819427490234375 -0.23882484436035156 -0.01999199390411377 -0.06924998760223389 0.05699775532048079
