0 5 0.07926177978515625 0.038320302963256836 -0.18756580352783203 -0.4053921699523926 -0.08388614654541016 0.10818135738372803 -0.10862302780151367
0 0 19.961593627929688 0.1761714220046997 -21.064525604248047 -0.37142229080200195 0.036458730697631836 0.11847853660583496 -4.831535458564758
1 4 -0.01000356674194336 0.010303735733032227 0.000286102294921875 0.021430015563964844 -0.018381595611572266 0.010565042495727539 0.017829179763793945
1 0 26.015810012817383 0.2008466124534607 -21.216053009033203 -0.15944623947143555 0.12117648124694824 0.21634268760681152 -4.541969418525696
2 0 -0.016787052154541016 -0.015859663486480713 0.29140472412109375 -0.24203920364379883 -0.030786991119384766 -0.04285287857055664 0.01605808734893799
3 3 0.06586265563964844 0.03152662515640259 0.1310138702392578 -0.2531468868255615 -0.1306825876235962 0.08751046657562256 0.08279979228973389
3 2 -0.02878284454345703 0.004085421562194824 -0.003650665283203125 -0.01676797866821289 -0.004891157150268555 0.0100785493850708 0.0021303892135620117
3 5 0.0803995132446289 0.03338968753814697 0.1975269317626953 -0.357943058013916 -0.1130833625793457 0.09203577041625977 0.09321451187133789
4 1 0.0151824951171875 -0.009175777435302734 -0.040927886962890625 -0.09341692924499512 0.025892019271850586 -0.004963397979736328 0.018420100212097168
4 4 -0.014660835266113281 0.003510117530822754 0.056751251220703125 0.1103971004486084 0.02074301242828369 0.024068832397460938 0.0027674436569213867
4 0 -0.18324708938598633 0.004918873310089111 -0.26660919189453125 -0.18898296356201172 -0.020097970962524414 -0.01982712745666504 0.06676030158996582
5 6 0.25746726989746094 -0.01660013198852539 0.024295806884765625 -0.4734683036804199 -0.08730769157409668 -0.0413973331451416 -0.005436662278953008
