0 0 19.972444534301758 0.27072495222091675 -7.230171203613281 0.26212072372436523 0.03643178939819336 0.3966710567474365 -4.838864326477051
0 3 0.02952289581298828 0.009725809097290039 -0.28362083435058594 -0.2179703712463379 -0.052996158599853516 0.03477764129638672 0.05207717418670654
1 0 26.026519775390625 0.2953854203224182 -7.381649017333984 0.4741230010986328 0.12118220329284668 0.4945424795150757 -4.549332857131958
2 2 8.96453857421875e-05 0.007782876491546631 0.1717529296875 -0.1520085334777832 -0.024149656295776367 0.013042926788330078 0.025412559509277344
2 0 0.03168535232543945 0.024723410606384277 0.2931060791015625 -0.2587883472442627 -0.04336822032928467 0.052877187728881836 0.00038909912109375
3 1 -0.021381855010986328 -0.002197742462158203 -0.0055179595947265625 -0.01045370101928711 -0.0039490461349487305 0.006018996238708496 -0.010528326034545898
3 3 0.010325908660888672 -0.006391465663909912 0.15859413146972656 -0.05432748794555664 -0.009382247924804688 -0.0062673091888427734 -0.003633737564086914
4 0 -0.11126852035522461 0.04249781370162964 -0.09994888305664062 -0.2901933193206787 -0.12850677967071533 0.07503259181976318 0.10788726806640625
4 2 -0.015635967254638672 0.0489041805267334 -0.3956146240234375 -0.42266106605529785 -0.15757691860198975 0.10331094264984131 -0.07977545261383057
5 4 0.053295135498046875 0.0007531046867370605 -0.008640289306640625 0.00859975814819336 0.029282569885253906 -0.007992982864379883 -0.01657186448574066
