0 0 0.11864376068115234 -0.05151718854904175 -0.24723434448242188 -0.05767202377319336 -0.06633234024047852 -0.077828049659729 -0.07381618022918701
0 0 19.884035110473633 -0.03516709804534912 37.89655303955078 -0.0614619255065918 -0.02172708511352539 -0.20004022121429443 -4.8431665897369385
1 4 -0.02923870086669922 0.0064144134521484375 0.038532257080078125 -0.03925895690917969 -0.004302501678466797 0.009325981140136719 -0.020398497581481934
1 0 25.906587600708008 -0.036708950996398926 37.7346076965332 0.17555999755859375 0.0535886287689209 -0.14130282402038574 -4.542242765426636
2 5 -0.02730846405029297 -0.10222011804580688 0.2539100646972656 0.13484811782836914 0.06359207630157471 -0.1897522211074829 -0.05435621738433838
2 0 -0.2328510284423828 -0.27736347913742065 63.243804931640625 -0.8031203746795654 -0.20348381996154785 -0.5318542718887329 0.07226836681365967
3 0 0.01731586456298828 -0.020381808280944824 0.2316608428955078 -0.06634712219238281 -0.04577517509460449 -0.020958900451660156 -0.011557221412658691
4 5 -0.03247356414794922 0.009583473205566406 -0.09831619262695312 -0.02881765365600586 -0.0011218786239624023 0.017247915267944336 0.05224764347076416
5 2 0.1600799560546875 0.002991020679473877 0.033382415771484375 -0.1271381378173828 0.004255414009094238 0.002973198890686035 -0.017131779895862564
5 5 -0.0740199089050293 -0.14685773849487305 -0.6895332336425781 0.23323392868041992 0.13116109371185303 -0.32895565032958984 -0.03814339637756348
