0 3 0.030701637268066406 -0.013783097267150879 -0.19647884368896484 -0.24950027465820312 -0.01428079605102539 -0.053423166275024414 -0.0686495304107666
0 0 19.9765567779541 0.2702120542526245 -6.500083923339844 0.26212072372436523 0.03643178939819336 0.3966712951660156 -4.835369110107422
1 4 0.014529705047607422 0.003911614418029785 0.01885223388671875 -0.012681961059570312 0.00796055793762207 -0.004678487777709961 -0.010135769844055176
1 0 26.030624389648438 0.2948727011680603 -6.651554107666016 0.4741249084472656 0.12118172645568848 0.4945441484451294 -4.545842885971069
3 1 0.029476642608642578 -0.0022919774055480957 0.0039310455322265625 -9.5367431640625e-05 0.010321378707885742 -0.003706216812133789 -0.011891484260559082
3 3 0.11421871185302734 0.0031695961952209473 0.2782430648803711 -0.44878292083740234 -0.08275854587554932 -0.03811538219451904 0.0837869644165039
4 0 -0.08426713943481445 0.018684566020965576 -0.13467025756835938 -0.1841578483581543 -0.04959142208099365 0.028907299041748047 0.07459557056427002
4 2 -0.041839599609375 0.006687462329864502 -0.02426910400390625 -0.05939817428588867 -0.024567127227783203 0.013332843780517578 -0.0016703605651855469
5 2 -0.4979281425476074 -0.051696181297302246 -0.349365234375 -0.812258243560791 -0.06631410121917725 -0.19732093811035156 -1.5653568506240845
5 4 -0.09521961212158203 -0.24388724565505981 -0.60748291015625 0.29792070388793945 0.021924972534179688 -0.47762203216552734 -0.00207364559173584
