0 4 0.011038780212402344 -0.022017300128936768 -0.20580530166625977 -0.3354983329772949 -0.02730107307434082 -0.07892262935638428 -0.06356143951416016
0 0 19.88454818725586 0.21036893129348755 10.661075592041016 0.8150806427001953 0.19072222709655762 0.26513373851776123 -4.848414897918701
1 0 -0.07902240753173828 0.005742311477661133 0.025806427001953125 0.014215230941772461 -0.0005968809127807617 0.01575922966003418 -0.041674137115478516
1 0 25.919584274291992 0.23313021659851074 10.515186309814453 1.0257372856140137 0.27417564392089844 0.3619251251220703 -4.546619892120361
1 5 -0.8398323059082031 -0.028970003128051758 -0.003276824951171875 -0.8499588966369629 -0.11268961429595947 -0.11692285537719727 0.0028998255729675293
1 3 -0.04257392883300781 -0.044374942779541016 -0.29639434814453125 -0.40490150451660156 -0.04522120952606201 -0.10139632225036621 -4.428382515907288
2 2 -0.04735136032104492 -0.13123738765716553 -0.0584564208984375 0.19062328338623047 0.11291682720184326 -0.22984814643859863 -0.024604082107543945
3 4 0.1298236846923828 0.010258853435516357 0.36481523513793945 -0.6099081039428711 -0.1296471357345581 -0.06122159957885742 0.2664635181427002
4 1 -0.012545585632324219 0.0023758411407470703 0.023162841796875 -0.025280475616455078 -0.00421142578125 0.030976295471191406 -0.0008491277694702148
4 2 -0.02553415298461914 0.016507208347320557 -0.04743194580078125 -0.011842727661132812 0.0044296979904174805 0.026134967803955078 0.01929783821105957
5 5 0.08690452575683594 -0.01609271764755249 0.022739410400390625 -0.036092281341552734 0.02785038948059082 -0.059793949127197266 -0.029377877712249756
5 3 0.5601348876953125 -0.02900075912475586 0.06943130493164062 -0.763188362121582 -0.11918282508850098 -0.11217355728149414 -6.187230587005615
