0 4 0.12455511093139648 -0.042207539081573486 -0.15971088409423828 -0.037249088287353516 -0.0487823486328125 -0.057769775390625 -0.060694336891174316
0 0 19.95303726196289 -0.06331944465637207 -0.7046546936035156 -0.03717851638793945 -0.03205704689025879 -0.23836231231689453 -4.8535544872283936
1 0 26.005760192871094 -0.038271546363830566 -0.8557472229003906 0.17557287216186523 0.05358743667602539 -0.1412966251373291 -4.556830644607544
1 2 -0.4192066192626953 -0.027977287769317627 0.04949188232421875 -0.6662864685058594 -0.09137821197509766 -0.09916305541992188 -6.178873538970947
2 1 0.015255451202392578 0.0028786659240722656 0.12848663330078125 0.005513191223144531 0.004811763763427734 0.00693821907043457 0.02006077766418457
2 0 0.029648780822753906 -0.11376488208770752 0.2766304016113281 0.006375789642333984 -0.0691673755645752 -0.20771920680999756 -0.007395267486572266
3 4 0.020499229431152344 -0.04522353410720825 0.22973918914794922 -0.06757879257202148 -0.06408524513244629 -0.06318247318267822 -0.11960601806640625
4 0 0.036963462829589844 0.03075861930847168 -0.12952041625976562 0.029369354248046875 0.07041668891906738 0.03950357437133789 0.023665428161621094
4 3 -0.039887428283691406 -0.003938257694244385 -0.11143875122070312 -0.10191106796264648 -0.007598876953125 -0.02389347553253174 -0.002977132797241211
4 1 -0.06427860260009766 -0.08898663520812988 -0.14855194091796875 -0.03455686569213867 -0.06697702407836914 -0.15983736515045166 0.02087855339050293
