0 3 0.10257101058959961 0.018673479557037354 -0.24236774444580078 -0.28255367279052734 -0.08475160598754883 0.05422687530517578 0.018155217170715332
0 0 -8.526824951171875 0.27398550510406494 15.46695327758789 0.26116180419921875 0.035924434661865234 0.39753639698028564 -0.12065553665161133
1 0 -2.4734745025634766 0.2982310652732849 15.31563949584961 0.4741196632385254 0.12118244171142578 0.4945399761199951 0.17030835151672363
2 2 0.02967977523803711 -0.008666515350341797 0.139801025390625 -0.01442408561706543 0.012796401977539062 -0.006381869316101074 0.023777484893798828
2 4 -0.09403610229492188 -0.03489100933074951 0.028781890869140625 0.21014714241027832 0.12512660026550293 -0.05871284008026123 -0.04033088684082031
3 1 0.011322498321533203 -0.008839786052703857 0.0490875244140625 -0.031035900115966797 0.01922321319580078 -0.028635263442993164 -0.013591289520263672
3 3 0.020134449005126953 -0.01810222864151001 0.29308605194091797 -0.2925992012023926 -0.05897045135498047 -0.04645216464996338 0.0001468658447265625
4 4 0.030807018280029297 0.0066907405853271484 0.02837371826171875 0.014261245727539062 -0.001844644546508789 0.011458396911621094 -0.02573871612548828
4 2 -0.09425592422485352 -0.005015254020690918 -0.40816497802734375 -0.19851469993591309 -0.034471750259399414 -0.01927053928375244 0.02749323844909668
5 0 0.14538955688476562 0.03577607870101929 0.037891387939453125 -0.3292512893676758 -0.0860590934753418 0.047567129135131836 -0.014200925827026367
