0 0 1.1721382141113281 0.24749600887298584 15.471626281738281 0.261995792388916 0.03620648384094238 0.3968011140823364 -6.3992180824279785
1 1 -0.026488780975341797 -0.012695670127868652 0.052059173583984375 -0.08480596542358398 0.006815910339355469 -0.034154653549194336 -0.013018012046813965
1 2 -0.027167797088623047 0.006622731685638428 -0.014522552490234375 -0.025226116180419922 -0.0069882869720458984 -0.0002999305725097656 -0.0033043622970581055
1 0 7.22563362121582 0.27224427461624146 15.320411682128906 0.4741220474243164 0.12118053436279297 0.4945427179336548 -6.108590841293335
1 5 -0.364593505859375 -0.0428432822227478 -0.12814712524414062 0.18948125839233398 0.11630403995513916 -0.15246963500976562 0.1627957820892334
2 3 0.009108543395996094 -0.002747178077697754 0.1300506591796875 -0.06730222702026367 0.02502751350402832 -0.003947019577026367 0.021445274353027344
2 4 0.07576656341552734 -0.07429718971252441 0.5020370483398438 -0.054195404052734375 -0.08493518829345703 -0.11848104000091553 0.03948628902435303
4 4 -0.014258384704589844 0.015291213989257812 -0.0570068359375 -0.01271963119506836 0.025467395782470703 0.013112068176269531 0.025093436241149902
4 3 0.06970071792602539 -0.00878441333770752 -0.317047119140625 -0.03253817558288574 0.06393325328826904 -0.0199129581451416 -0.4934746026992798
5 5 0.039409637451171875 0.01701563596725464 0.06890487670898438 -0.004490852355957031 0.02702772617340088 0.013500690460205078 -0.0021839141845703125
5 0 0.1823272705078125 0.0070729851722717285 0.09703826904296875 -0.16655635833740234 -0.042424798011779785 0.001135110855102539 -6.129683017730713
