0 0 19.850492477416992 0.19535011053085327 34.42777633666992 0.7637794017791748 0.25292861461639404 0.25199711322784424 -4.832915306091309
1 2 0.03136634826660156 0.003267347812652588 0.07464981079101562 -0.040049076080322266 -0.005602478981018066 0.0012519359588623047 -0.058762431144714355
1 0 25.906190872192383 0.2191346287727356 34.277252197265625 0.9774930477142334 0.3383439779281616 0.34788990020751953 -4.539353609085083
1 1 0.0008101463317871094 -0.007818818092346191 -0.24583053588867188 -0.011391162872314453 -0.0011394023895263672 0.003418445587158203 -0.0011286735534667969
2 3 -0.008039474487304688 0.008156955242156982 0.17887115478515625 -0.07714176177978516 0.0066683292388916016 0.006004452705383301 0.013412117958068848
2 4 0.09581375122070312 -0.023885667324066162 0.21567535400390625 -0.014193058013916016 0.010720014572143555 -0.04087209701538086 0.03975796699523926
3 0 -0.009276866912841797 -0.007718265056610107 0.08635139465332031 -0.05904960632324219 0.009401321411132812 0.011320710182189941 0.05706751346588135
4 3 -0.02741241455078125 0.04354816675186157 -0.22067642211914062 -0.29198551177978516 -0.09768998622894287 0.06236469745635986 0.06125903129577637
4 1 -0.022546768188476562 -0.014486193656921387 0.5133514404296875 -0.010921955108642578 0.006058454513549805 -0.03512418270111084 -0.048415541648864746
4 4 0.029341697692871094 0.0035595297813415527 -0.08275604248046875 0.039447784423828125 0.05122697353363037 -0.06371688842773438 0.08904767036437988
