0 4 0.17795419692993164 -0.04627472162246704 -0.2794647216796875 -0.006075382232666016 0.01965475082397461 -0.08199965953826904 -0.13557898998260498
0 0 19.851062774658203 0.1955079436302185 29.081302642822266 0.763988733291626 0.2531205415725708 0.2517887353897095 -4.830611824989319
1 3 0.029527664184570312 -0.028712093830108643 0.13849258422851562 -0.07979869842529297 0.014777660369873047 -0.005397200584411621 0.05471169948577881
1 0 25.905128479003906 0.22016632556915283 28.92983627319336 0.9759972095489502 0.33787333965301514 0.34965813159942627 -4.541080832481384
2 1 0.04069375991821289 0.038053274154663086 0.27637481689453125 -0.3023350238800049 -0.07921886444091797 0.07128655910491943 -0.019858241081237793
2 2 -0.07576274871826172 -0.11540824174880981 0.5720901489257812 -0.09029626846313477 0.05136239528656006 -0.22562170028686523 0.04627656936645508
3 0 -0.04185914993286133 -0.00475388765335083 0.05408287048339844 0.00785970687866211 0.02232527732849121 0.004155993461608887 0.0023490190505981445
3 3 0.055698394775390625 -0.0166550874710083 0.013965606689453125 -0.07202029228210449 0.00562286376953125 0.014274239540100098 -0.07732093334197998
3 4 -0.018801212310791016 -0.01418161392211914 0.08694839477539062 0.02131938934326172 0.00536954402923584 -0.03203773498535156 0.026485085487365723
4 1 -0.01701641082763672 0.006228506565093994 0.004512786865234375 -0.015604496002197266 -0.0037512779235839844 0.0049484968185424805 -0.023830652236938477
4 2 0.013519287109375 0.0023331046104431152 -0.0100250244140625 -0.030221939086914062 0.006324648857116699 0.016904592514038086 0.020381689071655273
