0 5 0.05758333206176758 0.024657845497131348 -0.2877645492553711 -0.2258906364440918 -0.07186198234558105 0.06741571426391602 -0.0212630033493042
0 0 19.847688674926758 0.17727625370025635 10.498344421386719 -0.3714427947998047 0.03643178939819336 0.11847960948944092 -4.830888986587524
1 0 -0.046910762786865234 -0.006907463073730469 0.07627487182617188 -0.022428035736083984 0.009635448455810547 -0.0201265811920166 -0.008173942565917969
1 0 25.901756286621094 0.20193690061569214 10.346874237060547 -0.1594386100769043 0.12118172645568848 0.2163527011871338 -4.54136323928833
2 1 -0.007073402404785156 -0.008572101593017578 0.23569488525390625 -0.16980552673339844 -0.02785634994506836 -0.023184537887573242 0.02288806438446045
2 3 -0.13415908813476562 -0.07961225509643555 0.6544837951660156 -0.8219285011291504 -0.038668036460876465 -0.24264168739318848 -0.06105375289916992
3 4 -0.04628467559814453 0.003930091857910156 0.064697265625 -0.016877174377441406 -0.0021996498107910156 0.00397944450378418 0.0033333301544189453
3 5 0.0049228668212890625 -0.008816897869110107 0.18044376373291016 -0.18448257446289062 -0.04243159294128418 -0.03004324436187744 -0.007125735282897949
4 3 0.031154632568359375 -0.005220472812652588 -0.01674652099609375 0.029191970825195312 0.03114938735961914 -0.0201035737991333 -0.0371474027633667
4 2 -0.032711029052734375 -0.014376401901245117 -0.10301971435546875 0.0009136199951171875 0.010567188262939453 0.003904581069946289 0.0017942190170288086
