0 1 0.15540122985839844 -0.0576094388961792 -0.5442276000976562 -0.41946983337402344 -0.0006158351898193359 -0.13275551795959473 0.040575504302978516
0 0 2.127880096435547 0.015826046466827393 15.45510482788086 -0.03748273849487305 0.12560808658599854 -0.09857034683227539 -0.12753009796142578
0 0 -0.2696113586425781 -0.06276899576187134 -0.13577651977539062 0.16719293594360352 0.07960712909698486 -0.11666858196258545 -0.0896596908569336
1 5 -0.0398406982421875 0.005372345447540283 0.0221405029296875 -0.053420066833496094 -0.007281780242919922 0.007641792297363281 -0.0065773725509643555
1 4 -0.05173349380493164 0.0082893967628479 0.09012603759765625 -0.0789952278137207 -0.0035216808319091797 0.02048778533935547 -0.061958909034729004
1 0 8.348165512084961 0.06831687688827515 15.253913879394531 0.04493999481201172 0.182592511177063 0.06410348415374756 -0.027974367141723633
1 1 0.00502777099609375 -0.01112276315689087 0.2102794647216797 -0.12897825241088867 -0.018126726150512695 0.004014134407043457 -0.02417159080505371
1 0 -0.1863689422607422 -0.03510349988937378 -0.047740936279296875 0.020137786865234375 0.016165494918823242 -0.06792449951171875 -0.08116531372070312
2 3 -0.03331422805786133 -0.01563131809234619 0.175506591796875 -0.10961484909057617 -0.0014417171478271484 -0.03832077980041504 -0.017741680145263672
3 1 0.07836055755615234 -0.018051207065582275 0.04067420959472656 -0.00029087066650390625 -0.006772756576538086 0.008672952651977539 0.025176048278808594
4 3 -0.026549816131591797 0.0018013715744018555 -0.5777816772460938 -0.8703346252441406 -0.17594671249389648 -0.012892365455627441 -0.021480798721313477
5 2 0.165863037109375 0.00037556886672973633 -0.008724212646484375 -0.18375825881958008 -0.0018672943115234375 0.0036290884017944336 -0.00488734245300293
