0 2 0.03798103332519531 0.010355174541473389 -0.010157585144042969 -0.029561996459960938 0.00858759880065918 0.00452876091003418 -0.03973662853240967
0 0 -0.26960182189941406 -0.06277894973754883 -0.13573837280273438 0.16725730895996094 0.07961809635162354 -0.1166534423828125 -0.08969902992248535
0 0 2.5959701538085938 0.0016844868659973145 15.177444458007812 0.09444284439086914 0.1302698850631714 -0.09854650497436523 -0.04045248031616211
1 5 -0.03457975387573242 0.0018337368965148926 0.0495758056640625 -0.070404052734375 -0.0029256343841552734 0.011621952056884766 -0.011587262153625488
1 0 8.16583251953125 0.0387076735496521 15.308223724365234 0.17461872100830078 0.2103215456008911 -0.0019794702529907227 0.16856980323791504
1 0 -0.2308635711669922 -0.06354540586471558 0.005413055419921875 -0.11401891708374023 -0.034272193908691406 -0.09982919692993164 -0.042360782623291016
2 4 0.07496261596679688 -0.01612943410873413 0.58270263671875 -0.6582317352294922 -0.1340700387954712 0.03059375286102295 0.06367635726928711
2 7 -0.029727458953857422 -0.11143934726715088 0.09992599487304688 0.2062997817993164 0.08474671840667725 -0.20418834686279297 0.023388981819152832
3 1 -0.019838809967041016 0.0022835135459899902 0.00177764892578125 -0.004132747650146484 -0.0076225996017456055 0.008411407470703125 0.007269740104675293
3 2 0.13021087646484375 -0.014883041381835938 0.5767478942871094 -0.9651923179626465 -0.19081509113311768 -0.09458565711975098 0.1831427812576294
4 6 -0.03992462158203125 0.005624651908874512 0.030059814453125 0.08623886108398438 0.019199132919311523 0.0026531219482421875 0.022744297981262207
4 4 -0.029214859008789062 -0.03186225891113281 -0.407928466796875 -0.4221177101135254 -0.060169219970703125 -0.08373308181762695 -0.001422882080078125
4 7 -0.031281471252441406 0.01446986198425293 -0.20941162109375 -0.016744136810302734 0.005943655967712402 0.009198546409606934 0.03615379333496094
5 3 0.16578292846679688 0.0005461573600769043 -0.00873565673828125 -0.18376541137695312 -0.0018672943115234375 0.0036276578903198242 -0.004889249801635742
