0 0 15.849567413330078 0.18368512392044067 -2.6659774780273438 -0.4270162582397461 -0.06751608848571777 0.2649494409561157 -1.701532244682312
1 4 0.07409524917602539 -0.0005844235420227051 0.09254837036132812 -0.029304981231689453 0.010604500770568848 -0.013283967971801758 -0.029875636100769043
1 0 21.90269660949707 0.20883840322494507 -2.817596435546875 -0.21414422988891602 0.018141984939575195 0.36196351051330566 -1.4051374197006226
3 2 0.011051654815673828 -0.008911728858947754 0.12436294555664062 -0.03981637954711914 0.020450830459594727 -0.037006258964538574 -0.015888690948486328
3 1 0.014362335205078125 -0.0032747387886047363 0.015993118286132812 -0.04460906982421875 0.003096342086791992 -0.01636052131652832 -0.011296749114990234
4 3 -0.03154611587524414 0.0054222941398620605 -0.0045623779296875 0.0322728157043457 -0.00854337215423584 -0.00393521785736084 0.0131303071975708
4 0 -0.0072498321533203125 -0.006820559501647949 -0.033077239990234375 0.0003647804260253906 0.009560585021972656 0.0025135278701782227 -0.019398212432861328
5 6 0.18834686279296875 -0.006127417087554932 0.029216766357421875 -0.12368535995483398 0.011676669120788574 -0.001006007194519043 -0.0009967048390535638
5 5 -0.1334075927734375 0.0008124113082885742 -0.04327392578125 0.3975977897644043 0.07429075241088867 -0.009632468223571777 0.06980152743199142
5 0 -0.44264888763427734 -0.013664424419403076 -0.23956298828125 -1.2588160037994385 -0.27320098876953125 -0.04807090759277344 -1.6358815431594849
