0 0 19.807024002075195 0.2097073793411255 35.99699401855469 0.8135371208190918 0.18961215019226074 0.2655724287033081 -4.841299533843994
1 3 -0.04467487335205078 -0.006347358226776123 0.09060287475585938 -0.022763729095458984 0.00609898567199707 -0.017752528190612793 -0.023215413093566895
1 0 25.84679412841797 0.2329237461090088 35.848140716552734 1.025771141052246 0.2741694450378418 0.36193788051605225 -4.543588161468506
1 6 -0.08819389343261719 0.03124868869781494 0.11384963989257812 -0.4053206443786621 -0.13115131855010986 0.11304581165313721 -6.32512903213501
1 2 0.18077850341796875 -0.03519564867019653 -0.0960540771484375 0.1350235939025879 0.13147199153900146 -0.11722815036773682 0.04264330863952637
2 5 -0.017177581787109375 -0.0015520453453063965 0.1416473388671875 -0.09792375564575195 -0.00475764274597168 0.00394594669342041 0.02588486671447754
2 1 -0.013278961181640625 -0.04895591735839844 0.3555717468261719 -0.37872886657714844 0.010398626327514648 -0.18061184883117676 -0.0038300752639770508
3 0 0.01880645751953125 0.0017577409744262695 -0.035907745361328125 0.018323898315429688 -0.011580467224121094 0.002713322639465332 0.004971027374267578
4 1 -0.035692691802978516 -0.005837440490722656 0.0551300048828125 -0.36950254440307617 -0.06985712051391602 -0.03253734111785889 -0.0060378313064575195
4 5 -0.03579425811767578 0.040244340896606445 -0.2977447509765625 -0.42590761184692383 -0.1281348466873169 0.08140528202056885 -0.021237611770629883
4 4 -0.034844398498535156 -0.005030512809753418 -0.0178375244140625 -0.059650421142578125 -0.006647348403930664 -0.002867460250854492 -0.01235806941986084
5 2 0.3660545349121094 -0.015510976314544678 0.16375732421875 -0.05629110336303711 -0.0048770904541015625 -0.06545662879943848 -0.013950109481811523
