0 0 19.85123634338379 0.21765655279159546 30.773040771484375 -0.4264860153198242 -0.06702566146850586 0.2644697427749634 -4.8345558643341064
1 3 -0.06064796447753906 -0.0013844966888427734 0.054409027099609375 -0.01453542709350586 0.01290440559387207 -0.012948870658874512 -0.010776162147521973
1 0 25.90468406677246 0.24255192279815674 30.62155532836914 -0.21413612365722656 0.018136978149414062 0.3619663715362549 -4.541986703872681
2 1 0.032885074615478516 -0.10998356342315674 0.36644744873046875 0.0887141227722168 0.04836833477020264 -0.2069939374923706 -0.02533543109893799
2 2 0.09221553802490234 -0.012627959251403809 0.4968605041503906 -0.8794169425964355 -0.15062665939331055 -0.08816742897033691 0.09021532535552979
2 0 -0.1820993423461914 0.013864576816558838 55.93248748779297 -1.1770687103271484 -0.2526841163635254 0.009876608848571777 0.03362917900085449
3 0 -0.0013132095336914062 -0.002069532871246338 0.10147285461425781 -0.03768348693847656 -0.009861230850219727 -0.00104522705078125 0.008485555648803711
4 1 -0.013155460357666016 0.01127934455871582 -0.025562286376953125 -0.0435185432434082 -0.013963580131530762 0.012928962707519531 0.0017766952514648438
4 2 -0.032660484313964844 0.0007488131523132324 -0.058704376220703125 -0.08493947982788086 -0.01790475845336914 0.0018811225891113281 -0.026888012886047363
5 4 0.0685577392578125 9.238719940185547e-05 0.0468597412109375 0.05197000503540039 -0.02267742156982422 0.0103682279586792 0.0198653923580423
5 1 -0.15663671493530273 -0.16022181510925293 0.12109756469726562 0.08246374130249023 0.12846219539642334 -0.38874971866607666 -0.2150813341140747
