0 0 19.98178482055664 0.04313868284225464 -21.920337677001953 -0.037511348724365234 0.1254793405532837 -0.09984445571899414 -4.831421613693237
1 4 -0.04087543487548828 0.016979515552520752 0.13411331176757812 -0.23574328422546387 -0.03427910804748535 0.0519869327545166 0.013518691062927246
1 0 26.03545379638672 0.06779193878173828 -22.07156753540039 0.17461872100830078 0.21032178401947021 -0.0019794702529907227 -4.542176723480225
2 0 -0.01152181625366211 0.0021352767944335938 0.10202789306640625 -0.009098052978515625 -0.007875919342041016 0.007012844085693359 0.030727386474609375
2 2 -0.04235410690307617 -0.01991903781890869 0.30322265625 -0.2510519027709961 -0.009492158889770508 -0.06519138813018799 -0.01797318458557129
2 1 0.1145172119140625 -0.11902111768722534 0.07061386108398438 -0.024970531463623047 -0.10273492336273193 -0.16109657287597656 0.07299280166625977
4 1 -0.012891769409179688 0.0023802518844604492 -0.054119110107421875 -0.02958965301513672 0.005040645599365234 0.004098176956176758 0.013568639755249023
4 2 -0.12240028381347656 0.008842110633850098 -0.22196197509765625 -0.42682695388793945 -0.06890213489532471 -0.0276792049407959 0.12401390075683594
4 0 -0.06997060775756836 -0.05842536687850952 -0.22216033935546875 0.012824058532714844 0.053848981857299805 -0.12909114360809326 -0.03590202331542969
5 3 0.027614593505859375 -0.0062705278396606445 0.003749847412109375 -0.14253711700439453 0.026177525520324707 -0.009903311729431152 0.0010156631469726562
