0 4 0.0016908645629882812 0.000909268856048584 0.002547740936279297 -0.0006399154663085938 -0.03067910671234131 0.013631343841552734 -0.031711459159851074
0 1 0.09398746490478516 -0.03663921356201172 -0.2004985809326172 -0.019547462463378906 -0.03744387626647949 -0.06876373291015625 -0.14144480228424072
0 0 -4.072050094604492 -0.06741535663604736 15.391307830810547 0.0783076286315918 -0.042230844497680664 -0.18689751625061035 -0.18905234336853027
1 0 -1.0071849822998047 -0.1254832148551941 -0.06342315673828125 0.031146526336669922 -0.09284937381744385 -0.21089816093444824 0.10276365280151367
1 0 1.7591400146484375 -0.037511348724365234 15.317440032958984 0.17557287216186523 0.05358743667602539 -0.14129674434661865 0.1701946258544922
2 3 -0.009009361267089844 -0.052814364433288574 0.23236083984375 -0.6383438110351562 -0.061335206031799316 -0.16368699073791504 -0.005620837211608887
3 1 0.03700447082519531 -0.04976385831832886 0.25124263763427734 -0.04986572265625 -0.06734228134155273 -0.06277751922607422 0.08508837223052979
3 4 0.12335014343261719 -0.05827951431274414 0.20681428909301758 0.02683877944946289 0.012747883796691895 -0.11250638961791992 0.07887542247772217
4 3 -0.1403975486755371 0.0024151206016540527 -0.21398162841796875 -0.2873506546020508 -0.03456306457519531 -0.02546226978302002 0.1177142858505249
4 2 -0.0018987655639648438 -0.008307874202728271 -0.01102447509765625 0.0012607574462890625 0.008621454238891602 0.002865910530090332 -0.016978979110717773
5 0 0.035308837890625 -0.0038182735443115234 0.13596725463867188 0.02474689483642578 -0.010334491729736328 -0.003467559814453125 -0.02159857749938965
5 2 -0.5076093673706055 -0.007067322731018066 -0.24306488037109375 -1.169837474822998 -0.26819074153900146 -0.043567657470703125 -1.622062087059021
