0 6 0.01734161376953125 0.007840514183044434 -0.04479217529296875 -0.031124353408813477 -0.020621895790100098 0.022699952125549316 -0.0026018619537353516
0 4 0.08481121063232422 -0.01702958345413208 0.10098111629486084 -0.7941093444824219 -0.1417684555053711 -0.08384048938751221 0.004845738410949707
0 0 19.79761505126953 0.2077605128288269 34.94417190551758 0.8116707801818848 0.1872386932373047 0.26593339443206787 -4.847828388214111
1 5 -0.010647773742675781 0.050186336040496826 -0.325469970703125 -0.41304826736450195 -0.16420888900756836 0.10614407062530518 -0.11068582534790039
1 0 25.847915649414062 0.23359864950180054 34.79476547241211 1.025771141052246 0.2741692066192627 0.3619377613067627 -4.5430588722229
1 1 -0.6182441711425781 -0.12018334865570068 0.0698699951171875 -0.06703329086303711 -0.09160387516021729 -0.25342559814453125 -4.395991921424866
3 2 -0.027957916259765625 -0.00568699836730957 0.04552650451660156 -0.022534608840942383 0.013634443283081055 0.0065680742263793945 0.0022478103637695312
3 0 -0.001201629638671875 -0.0008027553558349609 -0.015413284301757812 -0.013555288314819336 -0.008045434951782227 0.0004851818084716797 0.015101075172424316
3 6 0.09222984313964844 0.0018280744552612305 0.2870769500732422 -0.1212620735168457 -0.05417823791503906 0.004327654838562012 0.06045937538146973
4 5 0.026835918426513672 0.04736357927322388 0.11334991455078125 -0.1845860481262207 -0.06901299953460693 0.10478317737579346 -0.007378697395324707
5 1 0.23288917541503906 -0.04497033357620239 0.14423370361328125 0.009582996368408203 -0.00885319709777832 -0.06986939907073975 -6.273890733718872
5 3 0.22515487670898438 0.009777605533599854 0.051105499267578125 -0.3177034854888916 -0.05815160274505615 0.0007964372634887695 -0.06562280654907227
