0 1 0.12211418151855469 -0.033612966537475586 -0.08465099334716797 -0.019600868225097656 -0.03942537307739258 -0.054340362548828125 -0.0200498104095459
0 0 24.20077896118164 0.16000235080718994 -2.922687530517578 0.7596697807312012 0.08647727966308594 0.25666511058807373 0.2949352264404297
0 0 16.1265811920166 0.1701827049255371 -2.0191192626953125 0.9283514022827148 0.1785261631011963 0.31794440746307373 -1.7704325914382935
1 0 21.95687484741211 0.20038682222366333 -2.092193603515625 1.0257878303527832 0.2742130756378174 0.36196327209472656 -1.3995918035507202
1 3 0.1085352897644043 -0.01642632484436035 0.28159332275390625 -0.07369589805603027 0.036249637603759766 0.00270843505859375 0.12569665908813477
1 2 -0.43731117248535156 -0.17889916896820068 0.08925628662109375 0.2321324348449707 -0.02275395393371582 -0.34381067752838135 -0.03674630852037808
3 3 0.015744686126708984 0.00042241811752319336 -0.040561676025390625 -0.007945060729980469 -0.016567349433898926 0.007123351097106934 -0.028180837631225586
3 1 -0.024011611938476562 -0.054221153259277344 0.29103946685791016 -0.05412864685058594 -0.07095193862915039 -0.09160935878753662 -0.22725224494934082
4 0 0.0011806488037109375 0.004682302474975586 0.008701324462890625 -0.02595067024230957 -0.013732433319091797 0.007110238075256348 0.028621673583984375
5 2 0.09723663330078125 -0.009034395217895508 0.08577346801757812 -0.030807971954345703 0.015472173690795898 -0.02514338493347168 -0.06392388449603459
