0 0 0.07943105697631836 -0.017973899841308594 -0.34528541564941406 -0.027951717376708984 0.027265429496765137 -0.02691197395324707 -0.11474871635437012
0 2 0.13985776901245117 -0.1259903907775879 -0.1486835479736328 0.08620357513427734 -0.07260346412658691 -0.21968364715576172 -0.08718335628509521
0 0 19.848134994506836 0.043451905250549316 37.66987609863281 -0.03767728805541992 0.12529075145721436 -0.09956419467926025 -4.835290908813477
1 0 25.902099609375 0.06828457117080688 37.518184661865234 0.17461824417114258 0.2103215456008911 -0.0019794702529907227 -4.5431859493255615
1 5 -0.2956523895263672 -0.09489458799362183 -0.03099822998046875 0.03756999969482422 -0.03786754608154297 -0.1865842342376709 0.09153914451599121
2 3 0.040311336517333984 0.011341333389282227 0.0004119873046875 -0.0028696060180664062 -0.03980231285095215 0.018921375274658203 0.04725289344787598
2 4 -0.06375551223754883 -0.06467407941818237 0.2606391906738281 -0.6910233497619629 -0.031653761863708496 -0.21756339073181152 -0.03913760185241699
3 2 0.02907848358154297 -0.01040184497833252 0.13286399841308594 -0.006752490997314453 -0.01109004020690918 -0.012859821319580078 0.017884492874145508
3 0 -0.013104915618896484 -0.02307260036468506 0.057010650634765625 0.024042129516601562 0.00867915153503418 -0.05313229560852051 -0.0034159421920776367
4 4 -0.11031293869018555 -0.005965888500213623 0.01888275146484375 -0.30570363998413086 -0.04570937156677246 -0.03633773326873779 0.014589905738830566
4 1 -0.002376556396484375 0.005079865455627441 0.006076812744140625 -0.026297807693481445 -0.01486051082611084 0.008760213851928711 0.019039630889892578
5 5 0.09530830383300781 -0.01784646511077881 0.091949462890625 0.0009746551513671875 -0.014338016510009766 -0.026239871978759766 -0.007721662521362305
