0 3 0.14241600036621094 -0.11327511072158813 -0.786468505859375 -0.4310731887817383 -0.028409838676452637 -0.2105724811553955 -6.147741794586182
0 0 15.840202331542969 0.19710379838943481 -3.7298240661621094 -0.4261908531188965 -0.06657004356384277 0.264437198638916 -1.6884381771087646
0 2 0.19345808029174805 0.03514206409454346 -0.523590087890625 -0.5147683620452881 -0.10525667667388916 0.0831749439239502 -0.2603793144226074
1 0 21.893898010253906 0.22151362895965576 -3.8816871643066406 -0.21413135528564453 0.018134117126464844 0.36196792125701904 -1.3997933864593506
1 3 0.3256816864013672 0.0019603967666625977 -0.10549163818359375 0.012971878051757812 0.07445847988128662 0.014129638671875 -6.24885630607605
2 1 0.1323537826538086 0.0053421854972839355 0.29540252685546875 -0.24819326400756836 -0.08259689807891846 -0.0011417865753173828 0.15680170059204102
3 2 0.013774871826171875 0.0010955333709716797 0.11968994140625 -0.11002254486083984 -0.009430646896362305 0.005192995071411133 0.022925257682800293
4 4 -0.01999187469482422 0.009215116500854492 -0.0101776123046875 -0.005891561508178711 -0.025537967681884766 0.008502006530761719 0.0620265007019043
4 1 0.0005578994750976562 0.02135676145553589 -0.08740234375 0.01719975471496582 -0.011065244674682617 0.014063715934753418 0.07041788101196289
4 0 -0.02192974090576172 0.0006187558174133301 -0.0299835205078125 -0.021387100219726562 0.005040168762207031 -0.0006146430969238281 -0.008152604103088379
5 3 0.10515403747558594 -0.10487347841262817 0.166259765625 0.14409780502319336 0.08404338359832764 -0.16870450973510742 -6.338258743286133
