0 0 19.847427368164062 0.2171940803527832 15.133316040039062 -0.4245262145996094 -0.0657491683959961 0.2633930444717407 -4.828860521316528
0 2 0.21847057342529297 -0.04509711265563965 -0.5137252807617188 -0.09211349487304688 0.010672688484191895 -0.10966682434082031 -0.18843913078308105
1 0 -0.05574750900268555 0.0020506978034973145 0.01770782470703125 -0.020412921905517578 0.0025708675384521484 0.001966238021850586 0.0046242475509643555
1 0 25.90044403076172 0.24267029762268066 14.981300354003906 -0.21426010131835938 0.018162250518798828 0.36262381076812744 -4.544967889785767
2 1 0.07628202438354492 -0.03254598379135132 0.250701904296875 -0.03039836883544922 -0.043010711669921875 -0.051874756813049316 0.033275604248046875
2 0 -0.17220115661621094 0.004964768886566162 40.37744140625 -1.2835538387298584 -0.26948750019073486 0.0008931159973144531 0.04816913604736328
3 2 -0.0295257568359375 -0.0005633234977722168 -0.010349273681640625 -0.018355846405029297 0.0004693269729614258 -0.010019302368164062 0.006114959716796875
4 1 0.030414581298828125 -0.005885004997253418 -0.05477142333984375 0.010264396667480469 0.008036613464355469 -0.014234066009521484 0.026369333267211914
4 0 0.11126422882080078 -0.007560014724731445 40.49663543701172 -0.0761404037475586 -0.016718149185180664 -0.023389339447021484 -4.493671417236328
5 3 -0.05271339416503906 -0.03513908386230469 0.0352020263671875 0.04561948776245117 -0.03307294845581055 -0.04955267906188965 -0.029959678649902344
