0 5 0.06875991821289062 -0.019993960857391357 -0.21909141540527344 -0.34160804748535156 -0.0041577816009521484 -0.08600389957427979 -0.0803598165512085
0 0 0.6930904388427734 0.15654867887496948 11.286808013916016 -0.3806881904602051 0.03430962562561035 0.1281752586364746 -3.2653508968651295
1 0 6.757472991943359 0.17824655771255493 11.145069122314453 -0.15875816345214844 0.12097978591918945 0.2174006700515747 -2.9230681248009205
1 2 -0.14247703552246094 -0.014427900314331055 0.29739952087402344 -0.38538694381713867 -0.07066774368286133 -0.041406869888305664 -0.10424649715423584
1 4 -0.5899829864501953 -0.0757136344909668 0.15464401245117188 -0.00977325439453125 -0.05845022201538086 -0.16130375862121582 -6.029005527496338
2 3 0.0011973381042480469 -0.01345837116241455 0.117584228515625 -0.0012192726135253906 0.006664276123046875 -0.02642214298248291 0.01842665672302246
3 2 0.059844970703125 -0.00323408842086792 0.028751373291015625 -0.05351829528808594 -0.028869271278381348 0.040854692459106445 0.00828254222869873
3 5 0.14151859283447266 -0.0166015625 0.18840599060058594 -0.614443302154541 -0.11747729778289795 -0.05309128761291504 0.07224428653717041
3 6 -0.013864994049072266 -0.02274566888809204 0.10668182373046875 0.024849414825439453 0.01384890079498291 -0.05017709732055664 -0.009261846542358398
4 1 -0.03942155838012695 -0.00965261459350586 -0.07940673828125 -0.0679478645324707 -0.01798224449157715 -0.0008075237274169922 0.02840280532836914
4 3 -0.11185455322265625 -0.0498313307762146 -0.2110137939453125 0.06407451629638672 0.02942502498626709 -0.09817302227020264 0.06390273571014404
5 0 0.1294422149658203 -0.04620504379272461 0.005130767822265625 -0.037087440490722656 0.0697786808013916 -0.14561843872070312 0.03459610417485237
5 4 0.1695709228515625 -0.052756547927856445 0.119903564453125 -0.009317874908447266 -0.019242286682128906 -0.08476102352142334 -6.257457971572876
