0 4 0.0873880386352539 -0.022493362426757812 -0.2032012939453125 -0.01960897445678711 -0.02386331558227539 -0.05590558052062988 -0.08246147632598877
0 0 20.07046127319336 -0.0680583119392395 12.525981903076172 0.07816886901855469 -0.04240059852600098 -0.18695807456970215 -4.900020360946655
1 0 0.017010211944580078 -0.0021933317184448242 0.030670166015625 -0.01280975341796875 -0.007264852523803711 -0.010788202285766602 -0.014391422271728516
1 0 25.90192413330078 -0.03822016716003418 12.451927185058594 0.1755685806274414 0.053588151931762695 -0.14130711555480957 -4.541704893112183
2 2 0.004727363586425781 -0.0056302547454833984 0.08295440673828125 0.11861658096313477 0.05654346942901611 0.01658010482788086 0.003289461135864258
2 1 -0.003058910369873047 -0.023263633251190186 0.5027389526367188 -0.9477665424346924 -0.15999579429626465 -0.062200188636779785 -0.03190255165100098
3 4 0.14247703552246094 -0.053764402866363525 0.2624053955078125 -0.03825712203979492 -0.06356692314147949 -0.07130241394042969 0.1266881227493286
4 1 -0.07354307174682617 0.02235013246536255 -0.11972427368164062 -0.40646839141845703 -0.10057544708251953 0.03767538070678711 0.051152944564819336
4 2 -0.006844043731689453 -0.014262974262237549 -0.29388427734375 -0.13529396057128906 0.018792033195495605 -0.021114230155944824 0.03906989097595215
5 3 -8.0108642578125e-05 0.005288481712341309 -0.0316925048828125 -0.0239410400390625 0.03578472137451172 -0.009255647659301758 0.006617221282795072
5 0 -0.19369125366210938 -0.22866958379745483 -0.35037994384765625 0.22134876251220703 -0.03553605079650879 -0.42822301387786865 0.10342812538146973
