0 0 19.992082595825195 -0.06738859415054321 -18.973289489746094 -0.0364232063293457 -0.031175851821899414 -0.23917126655578613 -4.830908417701721
0 2 0.1941971778869629 0.03144097328186035 -0.5657157897949219 -0.3327314853668213 -0.04745888710021973 0.08026814460754395 -0.1159132719039917
1 0 26.046096801757812 -0.04273688793182373 -19.124759674072266 0.17557287216186523 0.05358743667602539 -0.14129638671875 -4.541366696357727
2 0 0.055246829986572266 -0.008499860763549805 0.1418304443359375 -0.0014314651489257812 0.0018787384033203125 -0.005784034729003906 0.038480401039123535
2 4 -0.037049293518066406 0.0010575056076049805 0.3334617614746094 -0.1491713523864746 -0.002101421356201172 0.012702703475952148 -0.11687016487121582
3 2 -0.0032720565795898438 0.0012772679328918457 0.048961639404296875 -0.04453468322753906 -0.0020241737365722656 0.0019627809524536133 0.0108262300491333
3 3 0.015066146850585938 -0.020751893520355225 0.1869964599609375 -0.09842348098754883 0.010851383209228516 -0.056708574295043945 0.009800434112548828
4 4 -0.07013177871704102 0.041660308837890625 -0.093475341796875 -0.2578411102294922 -0.10127365589141846 0.07825791835784912 0.03743791580200195
4 0 -0.07590389251708984 -0.13927006721496582 -0.1965179443359375 0.04820060729980469 -0.09467792510986328 -0.2190258502960205 0.08964192867279053
5 1 0.6193313598632812 -0.034782230854034424 0.03662872314453125 0.12705087661743164 0.03537154197692871 -0.06133067607879639 -0.05431819707155228
