0 1 0.13003253936767578 -0.013288438320159912 -0.25536632537841797 -0.12744736671447754 0.03607797622680664 -0.011803150177001953 -0.09286558628082275
0 0 19.843027114868164 0.21290689706802368 -20.09471893310547 -0.4261326789855957 -0.06661033630371094 0.2640857696533203 -4.83130407333374
1 3 -0.07719707489013672 -0.007612764835357666 -0.0379638671875 -0.11198711395263672 0.007725715637207031 -0.07199692726135254 -0.18261122703552246
1 0 26.05994415283203 0.3192119598388672 -20.477367401123047 -0.3878002166748047 -0.01017451286315918 0.5234599113464355 -4.723021030426025
2 0 0.021520137786865234 -0.010244011878967285 0.07241058349609375 -0.006693840026855469 0.0075359344482421875 -0.015614628791809082 -0.01909327507019043
2 2 -0.004202365875244141 -0.031158089637756348 0.35567474365234375 -0.6238713264465332 -0.09552216529846191 -0.08209228515625 0.02468860149383545
3 1 -0.01821756362915039 -0.008378088474273682 0.06538581848144531 -0.015589237213134766 0.023326516151428223 0.0034493207931518555 0.0026590824127197266
4 2 -0.04029273986816406 0.012596666812896729 -0.20950698852539062 -0.4302215576171875 -0.1154564619064331 0.03596949577331543 0.07833218574523926
4 0 0.04214334487915039 0.021006286144256592 -0.6301116943359375 -0.5469708442687988 -0.1363734006881714 0.05370461940765381 0.08376526832580566
5 3 0.42520904541015625 -0.029003918170928955 -0.28104400634765625 -0.8543565273284912 -0.14558649063110352 -0.06807887554168701 -5.883581876754761
