0 0 4.18283748626709 0.12173265218734741 -21.671909242868423 0.1567854881286621 -0.05894601345062256 0.2754991054534912 -3.007730484008789
0 0 0.18261957168579102 0.044238388538360596 -0.5062618255615234 -0.41423964500427246 -0.10529708862304688 0.10746049880981445 -0.15170466899871826
0 0 19.850252151489258 0.2700260281562805 33.00434112548828 0.26212072372436523 0.03643178939819336 0.3966712951660156 -4.831248879432678
1 2 -0.01671743392944336 0.001113593578338623 0.051784515380859375 -0.004362583160400391 -0.012762904167175293 0.00720977783203125 0.009488344192504883
1 0 25.904333114624023 0.2946839928627014 32.85285186767578 0.4741230010986328 0.1211860179901123 0.49452972412109375 -4.541696906089783
2 1 -0.0807485580444336 0.001488804817199707 0.5282478332519531 -0.5547311305999756 -0.0791243314743042 0.03508412837982178 -0.024592995643615723
3 0 0.020366668701171875 0.005258500576019287 0.12680435180664062 -0.07264518737792969 -0.0031998157501220703 0.01159060001373291 0.007471799850463867
3 0 3.8630590438842773 0.10814613103866577 -21.651332084089518 -0.10631990432739258 -0.11115610599517822 0.21064794063568115 -3.147158145904541
4 1 -0.0013103485107421875 0.01174861192703247 0.041652679443359375 -0.12064027786254883 -0.03236126899719238 0.06343460083007812 0.01267087459564209
5 3 0.24658203125 -0.022804200649261475 0.01702880859375 -0.4408235549926758 -0.03981637954711914 -0.10783648490905762 0.025539586727973074
