0 0 -0.0006504058837890625 -0.010063767433166504 -0.22261428833007812 -0.18732833862304688 -0.009286999702453613 -0.03297853469848633 -0.06699776649475098
0 0 16.37200927734375 0.16437792778015137 45.33023452758789 -0.24265336990356445 0.04441952705383301 0.11726880073547363 -1.603004813194275
1 4 -0.07617616653442383 -0.004445195198059082 0.08634567260742188 -0.09748172760009766 -0.010997176170349121 -0.025884509086608887 0.0285261869430542
1 2 0.006838798522949219 0.004217386245727539 -0.006805419921875 -0.0074138641357421875 0.014271378517150879 0.00480341911315918 -0.014174938201904297
1 0 21.906368255615234 0.20127171277999878 45.450042724609375 -0.15947246551513672 0.12088537216186523 0.2170964479446411 -1.4016894102096558
1 3 -0.3006324768066406 0.0032004117965698242 -0.042751312255859375 -0.6491427421569824 -0.16124248504638672 0.03543710708618164 -6.131200790405273
2 5 -0.0511016845703125 0.04155963659286499 0.40084075927734375 -0.48261523246765137 -0.10674262046813965 0.06968557834625244 0.0214158296585083
3 0 0.1296062469482422 0.012697815895080566 0.35819435119628906 -0.7434906959533691 -0.1498502492904663 -0.06830167770385742 0.15023279190063477
4 6 0.032918453216552734 0.02382659912109375 -0.07342529296875 -0.007375240325927734 0.03154468536376953 0.03156328201293945 0.016992807388305664
4 5 -0.10481071472167969 0.0024208426475524902 -0.04177093505859375 -0.14238834381103516 0.04217362403869629 -0.00037598609924316406 0.020751118659973145
5 1 0.06923294067382812 -0.017256498336791992 0.030120849609375 -0.21559476852416992 -0.01212930679321289 -0.05492866039276123 0.014716070450958796
