0 4 0.04043769836425781 0.014349877834320068 -0.04016876220703125 -0.04428243637084961 -0.04423201084136963 0.029960989952087402 -0.04846930503845215
0 0 0.16831731796264648 -0.11642342805862427 0.011831283569335938 -0.043811798095703125 -0.10858809947967529 -0.1793142557144165 -0.2513771057128906
0 0 19.853761672973633 -0.06207633018493652 30.968353271484375 -0.034314632415771484 -0.030641794204711914 -0.23968851566314697 -4.82927942276001
1 0 25.904190063476562 -0.037613749504089355 30.819393157958984 0.17618942260742188 0.05348348617553711 -0.14062845706939697 -4.542922019958496
1 2 -0.44814109802246094 -0.007188200950622559 -0.051502227783203125 -0.21539831161499023 -0.055724143981933594 0.0031772851943969727 -6.052789926528931
2 1 0.14061832427978516 -0.12985014915466309 0.68499755859375 -0.04508161544799805 -0.1111295223236084 -0.21093976497650146 0.013878464698791504
3 0 0.023067474365234375 -0.01481163501739502 0.15288734436035156 -0.008812427520751953 -0.015062808990478516 -0.021513700485229492 0.03318309783935547
3 4 0.07530879974365234 0.002685248851776123 0.3064298629760742 -0.18139958381652832 -0.032997846603393555 -0.014368534088134766 0.10899925231933594
4 3 -0.026185989379882812 0.01324087381362915 -0.044094085693359375 -0.15806818008422852 -0.01768672466278076 0.05863988399505615 0.059635162353515625
4 1 0.017547607421875 0.03134799003601074 -0.11525726318359375 0.04013633728027344 0.06472301483154297 0.04236888885498047 0.02206575870513916
