0 3 0.0544438362121582 -0.0016694068908691406 -0.3515777587890625 -0.05372190475463867 -0.012892007827758789 -0.009322762489318848 -0.06281852722167969
0 0 4.3196563720703125 -0.0897473692893982 11.374584197998047 0.0672159194946289 -0.02196812629699707 -0.22582340240478516 -3.2521400153636932
1 0 9.915782928466797 -0.06659406423568726 11.497005462646484 0.17556476593017578 0.05359005928039551 -0.14130306243896484 -3.0588071048259735
1 0 -0.18457794189453125 -0.06506800651550293 -0.024295806884765625 -0.0013155937194824219 -0.028422832489013672 -0.08234381675720215 -0.06985590606927872
2 2 -0.004745006561279297 0.01060342788696289 0.162353515625 -0.004303455352783203 0.00747370719909668 0.0030679702758789062 0.014750957489013672
2 1 0.06437826156616211 -0.12180757522583008 0.3241157531738281 -0.04705619812011719 0.06862568855285645 -0.2552199363708496 -0.020943284034729004
3 3 -0.011361122131347656 -0.03714567422866821 0.2036266326904297 0.05263805389404297 0.007505297660827637 -0.07677507400512695 -0.018917322158813477
4 1 -0.025439739227294922 0.008089005947113037 -0.02902984619140625 -0.008189678192138672 -0.0012415647506713867 0.014433622360229492 0.01634681224822998
4 2 -0.051384925842285156 -0.09098535776138306 -0.0923919677734375 0.03182220458984375 -0.053745269775390625 -0.17728841304779053 0.052440762519836426
5 0 0.1609516143798828 -0.08520281314849854 0.07167434692382812 0.053124427795410156 -0.0012633800506591797 -0.13529837131500244 -0.090929064899683
