0 0 15.847192764282227 0.1841723918914795 -2.3557662963867188 -0.4261355400085449 -0.06661558151245117 0.2640951871871948 -1.6893022060394287
1 4 -0.010217666625976562 0.0014846324920654297 0.0950469970703125 -0.0336766242980957 0.005768537521362305 0.004756808280944824 -0.028480887413024902
1 0 21.901260375976562 0.20883303880691528 -2.5072364807128906 -0.21413135528564453 0.018134355545043945 0.36196792125701904 -1.3997774124145508
2 5 0.14330387115478516 0.0014733076095581055 0.32460784912109375 -0.22560644149780273 -0.0657433271408081 -0.002484917640686035 0.15665316581726074
2 2 0.07314157485961914 0.022967278957366943 0.08660125732421875 -0.14524316787719727 -0.02822887897491455 0.05984508991241455 -0.006856203079223633
3 1 0.0024166107177734375 -0.00697016716003418 0.05045509338378906 -0.04214143753051758 0.01016855239868164 -0.028052568435668945 -0.021878480911254883
4 2 -0.026656150817871094 0.003615140914916992 -0.008296966552734375 0.002975940704345703 0.0045604705810546875 0.0018881559371948242 0.03141677379608154
4 0 -0.012745857238769531 -0.0060013532638549805 -0.022464752197265625 -0.036917686462402344 -0.001888275146484375 0.008715152740478516 0.006027340888977051
4 5 0.008785247802734375 0.00010144710540771484 0.026641845703125 0.025587081909179688 0.04321420192718506 -0.01744866371154785 -0.010680437088012695
5 3 0.1693115234375 0.03132164478302002 0.0882720947265625 -0.2213587760925293 -0.06542253494262695 0.05549955368041992 -0.06476354598999023
5 0 -0.4722428321838379 -0.0024497509002685547 -0.27053070068359375 -1.1976070404052734 -0.2727271318435669 -0.029587984085083008 -1.5825231075286865
