0 0 0.15575742721557617 0.05279916524887085 -0.4379711151123047 -0.47918152809143066 -0.18657183647155762 0.11635816097259521 -0.1005241870880127
0 2 0.12517738342285156 -0.01158684492111206 -0.6127243041992188 -0.7843546867370605 -0.09357690811157227 -0.10699748992919922 -0.1315314769744873
0 0 20.357769012451172 0.25583314895629883 37.396385192871094 0.3946533203125 0.04264092445373535 0.3915749788284302 -4.745091676712036
1 0 25.9055233001709 0.2946886420249939 37.504878997802734 0.4741220474243164 0.12118196487426758 0.494537353515625 -4.542018413543701
2 4 -0.006216526031494141 -0.0008068084716796875 0.08184051513671875 0.04124736785888672 0.007779240608215332 0.005046725273132324 0.008584856986999512
3 2 0.017251014709472656 -0.026738286018371582 0.13507652282714844 -0.1815938949584961 0.01240992546081543 -0.0784980058670044 -0.006607174873352051
3 0 0.013036251068115234 0.0030387043952941895 0.14027786254882812 -0.07533740997314453 0.001268625259399414 0.01385951042175293 -0.01593804359436035
4 6 -0.04706573486328125 -0.004899144172668457 0.0437469482421875 -0.06419229507446289 -0.013649702072143555 -0.00018548965454101562 -0.00015783309936523438
4 5 -0.014913558959960938 -0.0049887895584106445 -0.005809783935546875 -0.025148630142211914 0.011957168579101562 -0.007404446601867676 0.018864154815673828
4 4 0.01755523681640625 0.027849018573760986 -0.2835693359375 0.048036813735961914 -0.04438471794128418 0.030144572257995605 -0.3873251676559448
5 1 0.0389404296875 0.011838734149932861 0.021747589111328125 0.03273439407348633 0.0506443977355957 0.0043828487396240234 -0.014681258042401168
