0 3 -0.4864826202392578 -0.1388453245162964 0.193511962890625 0.25277137756347656 0.024546146392822266 -0.23542821407318115 -0.012875080108642578
0 0 19.987199783325195 0.26811671257019043 -9.43707275390625 0.2601923942565918 0.03405117988586426 0.3981761932373047 -4.8470131158828735
1 0 26.035919189453125 0.29410797357559204 -9.584659576416016 0.4741249084472656 0.12118172645568848 0.4945441484451294 -4.543676495552063
1 3 -0.8084564208984375 -0.0933184027671814 -0.036441802978515625 0.023869037628173828 -0.06318330764770508 -0.20360827445983887 -6.093347549438477
2 1 -0.032088279724121094 0.03837364912033081 0.31415557861328125 -0.4401090145111084 -0.12716805934906006 0.08118307590484619 0.05990612506866455
2 0 0.0022253990173339844 0.015757262706756592 0.06507110595703125 0.0903158187866211 0.010656356811523438 0.04031658172607422 -0.017006874084472656
3 2 -0.015576839447021484 -0.00033289194107055664 0.0071239471435546875 -0.020813941955566406 -0.0029963254928588867 -0.0012543201446533203 0.009024262428283691
4 0 -0.146942138671875 0.048551738262176514 -0.22218704223632812 -0.46636009216308594 -0.1686861515045166 0.094107985496521 0.12840473651885986
4 1 -0.06296730041503906 0.026899218559265137 -0.28144073486328125 0.0910634994506836 0.07228279113769531 0.02837240695953369 0.020966172218322754
5 3 0.20546913146972656 -0.07949686050415039 0.18308258056640625 0.024060726165771484 -0.02805781364440918 -0.1522223949432373 -6.2706639766693115
