0 0 0.06113910675048828 0.03471660614013672 -0.20862293243408203 -0.3794419765472412 -0.07046020030975342 0.0977863073348999 -0.11655986309051514
0 4 -0.3640480041503906 -0.021153748035430908 -0.14507675170898438 -0.10860252380371094 0.04660391807556152 -0.10547089576721191 0.7809655466116965
1 0 21.907411575317383 0.2980915307998657 42.652103424072266 0.47411203384399414 0.1211843490600586 0.4945371150970459 -1.4002389907836914
1 4 -0.45174217224121094 -0.024603068828582764 0.07477951049804688 -0.8608183860778809 -0.165840744972229 -0.06689727306365967 0.05709219956770539
2 3 0.0644993782043457 -0.030849337577819824 0.21033477783203125 -0.029824256896972656 -0.040987491607666016 -0.052890777587890625 0.03369772434234619
2 2 -0.0997772216796875 -0.013538718223571777 0.3764533996582031 -0.14368367195129395 0.04043126106262207 -0.027141451835632324 -0.024572253227233887
3 1 -0.029134273529052734 0.006392300128936768 0.010271072387695312 -0.03742265701293945 -0.0014358758926391602 0.0033293962478637695 -0.019475102424621582
3 0 0.059655189514160156 0.030308544635772705 0.23163604736328125 -0.3352651596069336 -0.09239602088928223 0.0673990249633789 0.26864373683929443
4 3 0.014614582061767578 -0.006695866584777832 -0.05202484130859375 0.005183696746826172 0.00209808349609375 -0.018506526947021484 0.015837430953979492
4 2 0.014693260192871094 -0.0034690499305725098 -0.046848297119140625 -0.09820985794067383 0.015126824378967285 -0.001856088638305664 0.027610182762145996
5 4 0.16864013671875 -0.0470011830329895 0.12952804565429688 -0.10944366455078125 0.028072834014892578 -0.12004125118255615 -0.0202502585016191
