0 1 0.02921295166015625 0.013476133346557617 -0.16216087341308594 -0.08643627166748047 0.026665210723876953 -0.025331616401672363 0.0036455392837524414
0 2 -0.7343978881835938 -0.13106703758239746 -0.5082473754882812 -0.039284706115722656 -0.10720908641815186 -0.23758065700531006 -0.01749420166015625
0 0 -15.607686996459961 0.1926652193069458 11.401611328125 0.7633302211761475 0.25261175632476807 0.2525670528411865 -3.2686723597871605
1 0 -9.549646377563477 0.21513038873672485 11.252418518066406 0.9748589992523193 0.33727967739105225 0.34655630588531494 -2.9585315116273705
1 2 0.09921073913574219 -0.06431746482849121 0.046875 0.16208553314208984 0.019871950149536133 -0.1683642864227295 -0.011122465133666992
2 4 0.07468891143798828 -0.0013861656188964844 0.3153076171875 -0.2189638614654541 -0.0024564266204833984 -0.0094832181930542 0.046944379806518555
3 3 -0.02808523178100586 -0.00561147928237915 0.05870819091796875 0.007424831390380859 -0.008940458297729492 -0.0027881860733032227 0.00029790401458740234
3 1 0.1331462860107422 -0.004702568054199219 0.17424392700195312 -0.27205514907836914 -0.08251023292541504 0.0013740062713623047 0.10904061794281006
4 4 0.018256187438964844 0.011466503143310547 0.0250396728515625 0.19821548461914062 0.08757638931274414 0.005269527435302734 0.02206254005432129
5 2 0.05357933044433594 -0.03848719596862793 0.11795806884765625 0.015529155731201172 -0.04224538803100586 -0.07344210147857666 0.029031753540039062
5 0 -0.25579071044921875 -0.029354989528656006 -0.07501220703125 0.2460641860961914 0.09437716007232666 0.0010547637939453125 0.007939348317449912
