0 2 0.048152923583984375 0.007697403430938721 -0.19574928283691406 -0.12695527076721191 0.043678879737854004 -0.010354995727539062 -0.029433250427246094
0 3 0.020887374877929688 0.02320408821105957 -0.13680028915405273 -0.05279898643493652 -0.03205370903015137 0.01855325698852539 -0.03085625171661377
0 0 3.46380615234375 -0.11247098445892334 15.387176513671875 0.1376657485961914 -0.007102489471435547 -0.22546863555908203 -6.3225297927856445
1 0 8.910810470581055 -0.06560122966766357 15.31734848022461 0.17557048797607422 0.05359339714050293 -0.1413053274154663 -6.11066746711731
1 0 -1.0389480590820312 -0.1451880931854248 -0.0298004150390625 -0.2456045150756836 -0.2061377763748169 -0.23636984825134277 -6.108083248138428
1 1 -0.05936861038208008 0.044579386711120605 -0.3060722351074219 -0.6891469955444336 -0.19966638088226318 0.081878662109375 -0.10653185844421387
2 4 -0.13579082489013672 -0.0409892201423645 0.07055282592773438 -0.3685946464538574 0.0011224746704101562 -0.12534141540527344 -0.008778095245361328
3 2 0.037558555603027344 -0.018027305603027344 0.09356880187988281 -0.14383721351623535 0.03102695941925049 -0.005421996116638184 -0.007749319076538086
3 3 0.08349418640136719 0.012717366218566895 0.3239164352416992 -0.17690539360046387 -0.04439842700958252 0.0013054609298706055 0.03397047519683838
4 4 -0.07138633728027344 0.0024213790893554688 -0.09470367431640625 -0.6167302131652832 -0.11724746227264404 -0.047995805740356445 0.04192948341369629
4 1 0.031166553497314453 -0.016464531421661377 0.3250846862792969 -0.397763729095459 -0.06312918663024902 -0.041895151138305664 0.0033795833587646484
5 0 0.26172447204589844 -0.10592538118362427 0.20848464965820312 0.04510784149169922 -0.04327845573425293 -0.1960996389389038 -5.276568651199341
