0 2 0.026000022888183594 -0.0006380081176757812 -0.4492177963256836 -0.454709529876709 -0.09511661529541016 0.0004152059555053711 0.004914999008178711
0 0 -8.190622329711914 -0.06261438131332397 11.468082427978516 -0.036853790283203125 -0.03154778480529785 -0.23876798152923584 -3.263724048003496
1 0 -2.1376953125 -0.03787398338317871 11.316932678222656 0.17589664459228516 0.05356454849243164 -0.14121460914611816 -2.9720871041863575
1 0 -0.4476127624511719 -0.18921583890914917 0.2845306396484375 0.26267147064208984 -0.028942108154296875 -0.3879210948944092 0.1239069808871136
2 3 0.058123111724853516 -0.002064824104309082 0.301666259765625 -0.06189441680908203 0.013719320297241211 0.014878392219543457 -0.01315009593963623
2 1 -0.04242658615112305 -0.02228027582168579 0.26348114013671875 -0.0758209228515625 0.037651777267456055 -0.02442920207977295 0.008016347885131836
3 2 0.006576061248779297 -0.024661362171173096 0.28579044342041016 -0.30449581146240234 -0.045949697494506836 -0.06530427932739258 -0.015927672386169434
4 1 -0.10911035537719727 0.03209686279296875 -0.13236618041992188 -0.3253610134124756 -0.12861406803131104 0.06613075733184814 0.10642468929290771
4 3 -0.09116935729980469 0.059310078620910645 -0.28809356689453125 -0.43761157989501953 -0.17986798286437988 0.11261856555938721 0.06104612350463867
5 0 0.09823989868164062 0.013411641120910645 0.01885986328125 -0.014204025268554688 0.01455068588256836 0.020571470260620117 -0.042808104619325604
