0 0 0.07535266876220703 -0.05784958600997925 -0.1437854766845703 0.09145259857177734 0.07596802711486816 -0.1023247241973877 -0.1169959306716919
0 1 0.2590065002441406 -0.04741305112838745 -0.333465576171875 0.14548063278198242 0.11751782894134521 -0.0752485990524292 0.16791176795959473
0 0 15.695711135864258 0.026856839656829834 31.804771423339844 -0.038962364196777344 0.12482130527496338 -0.10005176067352295 -1.6862127780914307
1 3 -0.03140974044799805 0.0043579936027526855 -0.025592803955078125 -0.014173507690429688 -0.017937302589416504 0.012464523315429688 0.0051038265228271484
1 1 0.15551376342773438 -0.03315967321395874 -0.024417877197265625 0.03691291809082031 0.03263366222381592 -0.03453660011291504 -0.021611928939819336
1 0 21.750242233276367 0.0511624813079834 31.659046173095703 0.1745915412902832 0.21032869815826416 -0.001989006996154785 -1.38950514793396
1 2 -0.7507553100585938 -0.015598416328430176 0.10870361328125 -0.8357868194580078 -0.14571964740753174 -0.09911012649536133 0.09730799496173859
2 1 0.34281349182128906 -0.16943299770355225 0.0525054931640625 0.36741161346435547 0.15072238445281982 -0.2928645610809326 0.08579277992248535
2 3 0.030869007110595703 -0.1444290280342102 0.34850311279296875 0.06270980834960938 0.10907065868377686 -0.29714202880859375 -0.21629750728607178
3 0 0.04558277130126953 -0.02387160062789917 0.11527252197265625 0.003944873809814453 -0.0003299713134765625 -0.018290996551513672 0.0318523645401001
5 4 0.46755218505859375 0.0034545063972473145 0.037815093994140625 -0.8550896644592285 -0.21006298065185547 0.0108107328414917 -0.13184571266174316
5 2 0.14847564697265625 -0.02967393398284912 0.059051513671875 -0.13510465621948242 0.020184993743896484 -0.08913445472717285 -0.02283291518688202
