0 1 0.023154258728027344 0.015178561210632324 -0.08442878723144531 -0.1090853214263916 -0.035730600357055664 0.022029399871826172 -0.0992661714553833
0 0 15.84695816040039 0.1771565079689026 -13.295055389404297 -0.37133073806762695 0.0357816219329834 0.1191260814666748 -1.6950548887252808
1 0 21.89788055419922 0.20200806856155396 -13.445728302001953 -0.1594386100769043 0.12118172645568848 0.2163527011871338 -1.3994625806808472
1 3 -0.13660621643066406 -0.015049099922180176 0.0229949951171875 -0.3006138801574707 -0.029084324836730957 -0.08355903625488281 -5.006998300552368
2 4 -0.02526378631591797 -0.025040864944458008 0.4230308532714844 -0.08482933044433594 0.03676033020019531 -0.08936917781829834 -0.005141139030456543
3 1 0.07146549224853516 -0.011530518531799316 0.2350759506225586 -0.09323740005493164 -0.02540719509124756 -0.0025397539138793945 0.053653836250305176
4 2 -0.009801864624023438 0.014224469661712646 -0.012203216552734375 -0.11866569519042969 -0.02566385269165039 0.06708312034606934 0.05189788341522217
4 4 -0.12194395065307617 -0.0027840137481689453 -0.1892852783203125 -0.4119229316711426 -0.06110024452209473 -0.0426100492477417 0.12064111232757568
4 0 -0.08221721649169922 0.0013782382011413574 -0.11501312255859375 -0.13234996795654297 0.021534442901611328 -0.07152533531188965 -0.027697086334228516
5 3 0.46364402770996094 -0.019910454750061035 0.027454376220703125 -0.4596071243286133 -0.06429946422576904 -0.07570087909698486 -6.12908411026001
