0 0 0.025300979614257812 -0.009253919124603271 0.09957122802734375 0.023867130279541016 0.02231431007385254 -0.018169522285461426 -0.015834689140319824
0 2 0.0023412704467773438 -0.016442179679870605 -0.5975055694580078 -0.7459225654602051 -0.12860143184661865 -0.029299139976501465 -0.017572879791259766
0 0 15.730157852172852 0.17623507976531982 41.42607879638672 -0.3714427947998047 0.03643178939819336 0.11847960948944092 -1.6898579597473145
1 0 21.784225463867188 0.20089572668075562 41.27460861206055 -0.1594386100769043 0.12118172645568848 0.2163527011871338 -1.4003322124481201
1 1 0.1508769989013672 -0.0022597312927246094 0.19832611083984375 -0.10215568542480469 -0.010052800178527832 0.008063435554504395 0.08484315872192383
2 3 0.0032358169555664062 -0.007245063781738281 0.06583404541015625 -0.005385875701904297 0.0019418001174926758 -0.010866403579711914 0.02913188934326172
3 1 0.02048492431640625 -0.003792285919189453 -0.0222015380859375 -0.04244089126586914 -0.01654219627380371 0.03493332862854004 -0.03687739372253418
3 2 0.04242849349975586 -0.023972392082214355 0.24201202392578125 -0.31107330322265625 -0.04734659194946289 -0.04919302463531494 0.02050638198852539
3 0 0.0779409408569336 -0.0038614273071289062 0.23088741302490234 -0.12529420852661133 -0.012801289558410645 0.0006635189056396484 0.08474433422088623
4 3 -0.0548553466796875 -0.027511119842529297 -0.26969146728515625 -0.058095455169677734 0.03344559669494629 -0.05237984657287598 0.015759706497192383
