0 4 0.05364036560058594 -0.0026235580444335938 -0.0930471420288086 -0.0012984275817871094 0.02094137668609619 -0.019855380058288574 -0.10650742053985596
0 0 4.289545059204102 0.00997239351272583 -46.215375900268555 -1.0606262683868408 -0.2669103145599365 0.025446534156799316 -3.188874840736389
0 0 19.89118766784668 0.21720504760742188 8.057395935058594 -0.4261317253112793 -0.06673312187194824 0.2641493082046509 -4.834768533706665
1 0 -0.017549514770507812 0.0011174678802490234 -0.002719879150390625 -0.016668319702148438 -0.0011627674102783203 0.0027985572814941406 0.0018792152404785156
1 0 25.944969177246094 0.24192917346954346 7.905986785888672 -0.21413135528564453 0.018134117126464844 0.36196792125701904 -4.544155836105347
2 1 -0.04682111740112305 -0.005596041679382324 0.11025238037109375 -0.0340571403503418 -0.0032320022583007812 -0.007758378982543945 -0.0013725757598876953
3 4 0.07374095916748047 -0.027772068977355957 0.24837303161621094 0.015233039855957031 0.009647488594055176 -0.05384349822998047 0.07278072834014893
3 0 4.292751312255859 0.0341801643371582 -46.141429245471954 -0.680908203125 -0.19749534130096436 0.06246495246887207 -3.0157970190048218
4 2 0.0016946792602539062 -0.0129319429397583 -0.08472442626953125 -0.028295516967773438 0.0016050338745117188 -0.022302985191345215 -0.005604982376098633
5 3 0.023471832275390625 0.01976597309112549 -0.010772705078125 0.05517268180847168 0.012422919273376465 0.07874941825866699 0.009107351303100586
5 2 -0.4683260917663574 -0.0006573796272277832 -0.2881927490234375 -1.1666784286499023 -0.2502022981643677 -0.040381669998168945 -1.6290544271469116
