0 5 0.0227508544921875 -0.0017458200454711914 0.10361289978027344 -0.006721973419189453 -0.025393128395080566 0.01638948917388916 -0.035468459129333496
0 0 20.282180786132812 0.19111287593841553 7.85662841796875 0.9490828514099121 0.1935436725616455 0.25474822521209717 -4.737706899642944
1 0 -0.03815507888793945 0.006806910037994385 0.01090240478515625 -0.008075714111328125 -0.0023502111434936523 0.010046124458312988 -0.016430139541625977
1 4 -0.042681217193603516 0.004351615905761719 0.051647186279296875 -0.04089021682739258 -0.007628202438354492 0.019581913948059082 0.0012629032135009766
1 0 25.84507179260254 0.2325587272644043 7.955909729003906 1.0258073806762695 0.2741515636444092 0.36208367347717285 -4.543813228607178
2 1 0.030743122100830078 -0.11913764476776123 0.24079513549804688 0.06354999542236328 0.045218825340270996 -0.20492732524871826 -0.13507318496704102
3 5 0.10817623138427734 -0.009124696254730225 0.3185453414916992 -0.19725751876831055 -0.04834949970245361 -0.0004382133483886719 0.07492458820343018
4 1 -0.05981302261352539 0.00630563497543335 -0.08107376098632812 -0.025302886962890625 -0.010688304901123047 0.011087417602539062 0.044513583183288574
4 2 -0.007327079772949219 -0.002241194248199463 -0.00194549560546875 -0.03177356719970703 -0.00832676887512207 0.01915597915649414 0.0070171356201171875
5 3 0.11064720153808594 0.00841289758682251 0.056087493896484375 -0.2142009735107422 -0.033363938331604004 0.008720636367797852 -0.017852783203125
5 2 -0.5023303031921387 -0.0077683329582214355 -0.2539024353027344 -1.1116969585418701 -0.24077105522155762 -0.04571855068206787 -1.6337705850601196
