0 4 0.10134124755859375 -0.05179566144943237 -0.36646080017089844 -0.08492851257324219 0.04297614097595215 -0.08310151100158691 -0.03250694274902344
0 0 19.8491153717041 0.04392737150192261 29.684276580810547 -0.036562442779541016 0.1256335973739624 -0.09990429878234863 -4.832710385322571
1 0 25.900894165039062 0.06828993558883667 29.533321380615234 0.17461872100830078 0.21032178401947021 -0.001979351043701172 -4.543163180351257
1 1 -0.3604869842529297 -0.0020369291305541992 -0.062774658203125 -0.7171239852905273 -0.16976845264434814 0.009342312812805176 -5.9793407917022705
2 3 0.02716541290283203 0.0031300783157348633 0.12694549560546875 -0.0038094520568847656 0.013911008834838867 0.005710124969482422 0.030393242835998535
2 2 0.045925140380859375 -0.009999454021453857 0.5078125 -0.9530186653137207 -0.1796727180480957 -0.03539443016052246 -0.015300154685974121
2 5 0.21169567108154297 0.014257848262786865 0.491546630859375 -0.8688130378723145 -0.16534161567687988 -0.06043350696563721 0.3062194585800171
3 4 0.061423301696777344 -0.015252351760864258 0.00365447998046875 -0.01244497299194336 -0.0038709640502929688 0.0068285465240478516 0.016434431076049805
3 0 -0.007161140441894531 -0.003182351589202881 0.052112579345703125 -0.012911319732666016 -0.008616089820861816 -0.004454851150512695 0.009971857070922852
4 2 -0.051242828369140625 0.010709822177886963 -0.04940032958984375 -0.26024389266967773 -0.06435060501098633 0.02637302875518799 0.025438904762268066
4 5 -0.025279998779296875 -0.016924798488616943 -0.11264801025390625 -0.15958833694458008 0.016942739486694336 -0.11544620990753174 -0.05616295337677002
4 3 -0.07960891723632812 -0.10913389921188354 -0.15970611572265625 0.007848739624023438 -0.0915297269821167 -0.16175103187561035 0.03792977333068848
