0 0 0.08493328094482422 -0.020803093910217285 0.13060390949249268 -0.7750988006591797 -0.1324019432067871 -0.07970559597015381 -0.058487653732299805
0 0 15.73043441772461 0.17665112018585205 54.27521896362305 -0.3714175224304199 0.03646373748779297 0.11847281455993652 -1.6909013986587524
1 3 -0.03239917755126953 0.013082265853881836 -0.005680084228515625 0.022029876708984375 0.01222681999206543 0.024571895599365234 0.03519999980926514
1 0 21.784658432006836 0.2013251781463623 54.12368392944336 -0.1594400405883789 0.1211855411529541 0.21635031700134277 -1.4013179540634155
2 2 -0.10340118408203125 -0.0066471099853515625 -0.25666046142578125 -0.04334592819213867 -0.007976531982421875 0.011657476425170898 0.009817242622375488
2 3 0.08110284805297852 -0.21666669845581055 0.8964691162109375 0.08859729766845703 -0.06653952598571777 -0.3731529712677002 -0.040503621101379395
3 4 0.011293411254882812 -0.002074003219604492 0.08123779296875 -0.04693317413330078 0.007584095001220703 -0.006628990173339844 0.007897257804870605
3 0 0.08064651489257812 0.0035051703453063965 0.3240768313407898 -0.3380556106567383 -0.04388606548309326 -0.05031859874725342 0.08942937850952148
4 1 -0.024107933044433594 0.001446366310119629 -0.00433349609375 -0.06693649291992188 -0.020305991172790527 0.010151028633117676 -0.01239311695098877
5 5 0.017032623291015625 -0.0022267699241638184 0.04095458984375 0.020676136016845703 -0.02852940559387207 0.005021095275878906 0.003608000341046136
5 1 -0.419830322265625 -0.05179959535598755 -0.14287567138671875 -0.6655950546264648 -0.05265164375305176 -0.15792202949523926 -1.4767017364501953
