0 0 0.057262420654296875 0.04284471273422241 -0.0769357681274414 -0.2557365894317627 -0.07961642742156982 0.10636889934539795 -0.0895090103149414
0 3 0.004123687744140625 -0.023963749408721924 -1.0473098754882812 -1.1472749710083008 -0.2027585506439209 -0.0809476375579834 -6.257037878036499
0 0 15.855239868164062 0.2697700262069702 47.77192306518555 0.2610044479370117 0.0357513427734375 0.39737236499786377 -1.6913849115371704
1 2 -0.020467281341552734 -0.0013285279273986816 0.011829376220703125 0.0030698776245117188 0.011855721473693848 0.007512569427490234 -0.0013126134872436523
1 3 -0.24709129333496094 -0.025908946990966797 0.011341094970703125 -0.6113309860229492 -0.09659826755523682 -0.0927431583404541 -6.363721132278442
1 0 22.089698791503906 0.32379376888275146 47.56624221801758 0.34445810317993164 0.09361124038696289 0.5607764720916748 -1.598178505897522
2 1 0.004319667816162109 -0.011738002300262451 0.1638641357421875 -0.019378662109375 0.0014404058456420898 -0.023539066314697266 0.04714977741241455
2 3 0.5123434066772461 -0.020825088024139404 0.11238479614257812 -0.1239776611328125 0.004423856735229492 -0.07109284400939941 -4.073723196983337
3 0 0.06258773803710938 0.04223865270614624 0.27812814712524414 -0.1845693588256836 -0.04302060604095459 0.08734631538391113 0.5510048866271973
4 1 -0.048990726470947266 -0.0098685622215271 -0.1918182373046875 -0.019057273864746094 0.023723483085632324 -0.026762008666992188 0.00018727779388427734
5 4 0.1058502197265625 -0.004145562648773193 0.00838470458984375 -0.05458354949951172 0.012648344039916992 -0.026011228561401367 0.0007650480984011665
