0 2 0.13355445861816406 0.030318796634674072 -0.1793041229248047 -0.27317285537719727 -0.010506391525268555 0.056395769119262695 -0.12307226657867432
0 0 19.855188369750977 0.17631477117538452 0.9841232299804688 -0.3714427947998047 0.03643178939819336 0.11847960948944092 -4.83935821056366
1 0 25.909255981445312 0.2009757161140442 0.8326492309570312 -0.1594395637512207 0.12118172645568848 0.21635258197784424 -4.549831986427307
2 4 0.03774881362915039 -0.004275083541870117 0.14670562744140625 -0.035274505615234375 0.013106584548950195 -0.018910884857177734 0.006842970848083496
2 1 -0.046955108642578125 -0.046925485134124756 -0.45178985595703125 -0.6539816856384277 -0.07777094841003418 -0.11011755466461182 -0.0823448896408081
3 2 0.028818130493164062 0.024418354034423828 0.31787872314453125 -0.47035837173461914 -0.11698246002197266 0.0715939998626709 0.06271302700042725
4 0 -0.02263164520263672 -0.004515588283538818 0.009204864501953125 -0.0399470329284668 0.0011396408081054688 -0.018862605094909668 -0.035579681396484375
4 1 -0.026666641235351562 0.016599953174591064 -0.25201416015625 -0.35065650939941406 -0.09162211418151855 0.048567771911621094 0.05267965793609619
4 4 -0.06789541244506836 -0.01403498649597168 -0.54547119140625 -0.9486079216003418 -0.11366820335388184 -0.11602914333343506 0.03925216197967529
5 3 0.0967254638671875 0.0034410953521728516 -0.0083770751953125 -0.05594205856323242 -0.019325733184814453 0.007072925567626953 0.030282203922979534
