0 2 -0.23987436294555664 -0.23422467708587646 -0.400848388671875 0.18354129791259766 -0.08895373344421387 -0.34288811683654785 -0.5695750564336777
0 0 19.863893508911133 0.04377925395965576 0.8366622924804688 -0.03738546371459961 0.1255718469619751 -0.09985220432281494 -4.843471646308899
1 0 25.917966842651367 0.06844174861907959 0.6851844787597656 0.17463254928588867 0.21033179759979248 -0.0019758939743041992 -4.553920865058899
1 2 -0.16500377655029297 -0.005696773529052734 -0.083770751953125 -0.05257129669189453 -0.019155263900756836 0.009810924530029297 -0.21290600299835205
2 1 0.08194112777709961 -0.0324249267578125 0.4063606262207031 -0.8372130393981934 -0.14197111129760742 -0.08279883861541748 0.025359272956848145
2 3 0.017686843872070312 -0.006280779838562012 0.08233642578125 -0.032314300537109375 0.001055002212524414 -0.007197141647338867 -0.008594989776611328
3 4 0.022882461547851562 0.0012514591217041016 0.08046913146972656 -0.051203250885009766 -0.007257938385009766 0.005355238914489746 0.014085531234741211
4 0 0.03922224044799805 0.009871840476989746 -0.005443572998046875 -0.049427032470703125 -0.013240694999694824 0.012546300888061523 0.002219080924987793
4 1 -0.05702972412109375 0.007142007350921631 -0.10754013061523438 -0.1177220344543457 -0.022831439971923828 0.013984084129333496 0.018152236938476562
4 3 -0.15109634399414062 0.008721649646759033 -0.5784530639648438 -0.92824387550354 -0.19095492362976074 0.01789999008178711 -0.0474696159362793
5 2 0.7292165756225586 -0.1936820149421692 0.36768341064453125 0.037592411041259766 -0.08299648761749268 -0.2770967483520508 -1.8538148999214172
