0 5 0.13163423538208008 -0.06071138381958008 -0.2549867630004883 -0.05541515350341797 -0.06223797798156738 -0.06992077827453613 -0.05656242370605469
0 0 -11.155065536499023 0.19819360971450806 15.46444320678711 0.7616617679595947 0.25396502017974854 0.2550370693206787 -0.12308597564697266
1 2 -0.04761171340942383 0.008031070232391357 0.04167938232421875 -0.0277862548828125 0.003200054168701172 0.013217568397521973 -0.019904732704162598
1 0 -5.125005722045898 0.22014713287353516 15.316482543945312 0.976494550704956 0.33786332607269287 0.3503495454788208 0.16928768157958984
2 4 0.037177085876464844 0.007525086402893066 0.33367919921875 -0.24461150169372559 -0.06404638290405273 -0.0005942583084106445 0.07327377796173096
3 3 0.028498172760009766 -0.008307874202728271 0.12239837646484375 -0.018556594848632812 0.02171039581298828 -0.02592766284942627 -0.005643129348754883
3 5 0.046504974365234375 -0.04623907804489136 0.2597055435180664 -0.04356956481933594 -0.044504642486572266 -0.04917466640472412 0.005512833595275879
4 1 -0.008494377136230469 -0.0010566115379333496 0.005680084228515625 0.030183792114257812 -0.0003489255905151367 0.012678384780883789 -0.013750672340393066
4 4 -0.04991912841796875 0.01321876049041748 0.01181793212890625 -0.004554271697998047 -0.007197141647338867 0.0024460554122924805 0.09804284572601318
5 0 -0.026607513427734375 0.010899901390075684 -0.049808502197265625 -0.04396510124206543 0.01279449462890625 0.020115256309509277 -0.045209407806396484
5 5 -0.12129688262939453 -0.23336470127105713 0.8140468597412109 0.25641441345214844 -0.02483677864074707 -0.415355920791626 0.08537936210632324
