0 4 0.16151666641235352 -0.06488478183746338 -0.12929534912109375 0.005133152008056641 -0.07472515106201172 -0.09774720668792725 -0.05847501754760742
0 0 15.442262649536133 0.1597590446472168 26.063880920410156 0.7639930248260498 0.2531238794326782 0.2517852783203125 -1.54298734664917
1 0 0.021787643432617188 -0.014967620372772217 0.1139373779296875 -0.0077593326568603516 0.009081482887268066 0.008732318878173828 -0.023237109184265137
1 0 21.496339797973633 0.18441736698150635 25.912395477294922 0.9759910106658936 0.3378719091415405 0.3496514558792114 -1.2534573078155518
3 2 0.05781841278076172 -0.02240288257598877 0.16846084594726562 -0.42896080017089844 -0.05496525764465332 -0.0811995267868042 0.00031554698944091797
3 0 0.013421058654785156 -0.028506457805633545 0.029085159301757812 -0.04582095146179199 -0.0050536394119262695 0.020865559577941895 0.0026072263717651367
3 4 0.022890567779541016 -0.03762459754943848 0.2401866912841797 -0.042263031005859375 -0.05838203430175781 -0.05967426300048828 0.017392396926879883
4 5 -0.0006594657897949219 0.0015060901641845703 0.05435943603515625 0.01911449432373047 0.007572650909423828 0.012138009071350098 -0.010296106338500977
4 3 0.0038356781005859375 -0.0015450716018676758 -0.0103759765625 -0.02756667137145996 -0.013304829597473145 -0.001877903938293457 0.04197657108306885
5 1 0.1058197021484375 0.003281712532043457 0.01190185546875 -0.10503435134887695 0.00018668174743652344 -0.011115670204162598 0.004216949550027493
