0 1 0.0030641555786132812 -0.022278785705566406 -0.17054486274719238 -0.24321269989013672 -0.002432107925415039 -0.07896733283996582 -0.03784012794494629
0 0 0.03644561767578125 -0.0060923099517822266 -0.15502548217773438 -0.13958406448364258 -0.00903630256652832 -0.014682531356811523 -0.07219243049621582
0 4 -0.372283935546875 -0.07114243507385254 -0.08757400512695312 0.22540903091430664 0.12242734432220459 -0.15001249313354492 0.05499577522277832
0 0 15.738576889038086 0.17815744876861572 42.768280029296875 -0.3696870803833008 0.036530256271362305 0.11764359474182129 -1.6960502862930298
1 0 21.785255432128906 0.20154839754104614 42.6191291809082 -0.15944194793701172 0.12118339538574219 0.2163386344909668 -1.4014748334884644
1 4 -0.2910289764404297 -0.07474064826965332 0.007518768310546875 -0.30550575256347656 -0.07429838180541992 -0.1254115104675293 -0.06141018867492676
3 5 -0.011691093444824219 -0.001818537712097168 0.050327301025390625 0.02739715576171875 -0.0034627914428710938 0.0010685920715332031 0.009911060333251953
3 0 0.14943313598632812 -0.015503764152526855 0.49086952209472656 -1.0251550674438477 -0.18502092361450195 -0.10432553291320801 0.14328455924987793
4 3 -0.005013465881347656 0.014303028583526611 -0.046588897705078125 -0.16045188903808594 -0.02715468406677246 0.06122124195098877 0.05766654014587402
5 2 0.11304473876953125 0.018096446990966797 0.007610321044921875 0.007232666015625 0.04087328910827637 0.006890058517456055 -0.03323996507242555
