0 0 0.04721546173095703 -0.03871512413024902 -0.2767934799194336 -0.42046689987182617 -0.07712244987487793 -0.07803773880004883 -0.04932057857513428
0 0 15.854597091674805 0.21645718812942505 40.51734924316406 -0.436556339263916 -0.061007022857666016 0.2710132598876953 -1.6728320121765137
1 5 -0.04443645477294922 0.0036632418632507324 0.056797027587890625 0.0018858909606933594 0.005683422088623047 0.006963133811950684 -0.0025811195373535156
1 0 21.906137466430664 0.23455488681793213 40.36110305786133 -0.21413516998291016 0.01813983917236328 0.3619651794433594 -1.400132656097412
1 6 0.03846168518066406 -0.004840493202209473 0.07290267944335938 -0.32279062271118164 -0.06215381622314453 0.020870089530944824 -6.263139486312866
3 4 0.029130935668945312 0.003670334815979004 0.12712669372558594 -0.0031690597534179688 0.0007357597351074219 0.006839752197265625 0.02600717544555664
3 0 0.047957420349121094 -0.019081056118011475 0.22350311279296875 -0.04407787322998047 -0.0341191291809082 0.03936588764190674 0.03134357929229736
4 1 -0.12429285049438477 0.04045814275741577 -0.081939697265625 -0.3114893436431885 -0.1217348575592041 0.07683515548706055 0.09171605110168457
5 2 0.23218536376953125 0.027697861194610596 0.0120697021484375 -0.233229398727417 -0.07101976871490479 0.05381035804748535 -0.0015277862548828125
5 3 0.07808876037597656 -0.06707972288131714 0.009429931640625 -0.07335662841796875 0.07023286819458008 -0.16615581512451172 0.05186101049184799
