0 5 0.07517051696777344 0.025427043437957764 -0.1499929428100586 -0.2911720275878906 -0.060973405838012695 0.07783138751983643 -0.09735369682312012
0 0 19.8531551361084 0.17608004808425903 34.346717834472656 -0.37190771102905273 0.03515815734863281 0.1192469596862793 -4.8395915031433105
1 0 25.905242919921875 0.2014620304107666 34.19599533081055 -0.1594386100769043 0.12118148803710938 0.21635258197784424 -4.541670799255371
1 3 0.08257675170898438 -0.05306476354598999 -0.3786506652832031 -0.09109115600585938 -0.010830521583557129 -0.08526468276977539 1.7375074625015259
2 1 0.021553516387939453 -0.004262804985046387 -0.00582122802734375 0.03949427604675293 0.014717698097229004 0.005209684371948242 0.024649381637573242
3 5 0.02825641632080078 0.03338205814361572 0.28435420989990234 -0.4332084655761719 -0.1262826919555664 0.09204316139221191 0.06480789184570312
3 0 0.005469799041748047 -0.01357412338256836 0.10212326049804688 -0.032100677490234375 0.02203202247619629 -0.038893938064575195 0.0030077695846557617
4 2 -0.0006170272827148438 0.01756054162979126 -0.001445770263671875 -0.1937117576599121 -0.04505455493927002 0.08244168758392334 0.01998758316040039
4 4 0.0045986175537109375 0.0041124820709228516 -0.117462158203125 -0.029370784759521484 -0.007294178009033203 0.005179882049560547 -0.016344308853149414
4 1 -0.09255027770996094 -0.0063713788986206055 -0.42067718505859375 -0.18816709518432617 -0.02811121940612793 -0.019399523735046387 0.03363168239593506
