0 0 19.84064483642578 0.04311937093734741 6.810352325439453 -0.03740262985229492 0.12555444240570068 -0.09983503818511963 -4.831717133522034
1 0 -0.020176410675048828 0.0009452104568481445 0.05071258544921875 0.005151271820068359 -0.012166380882263184 0.00766754150390625 0.009873032569885254
1 2 -0.0137481689453125 -0.06298303604125977 0.1735363006591797 0.07432031631469727 0.006836295127868652 -0.06806373596191406 0.06989359855651855
1 0 26.077119827270508 0.09736937284469604 6.6045989990234375 0.04498004913330078 0.18258750438690186 0.06409072875976562 -4.738592028617859
2 3 -0.08102560043334961 -0.010466039180755615 0.19274520874023438 0.09261655807495117 0.056627869606018066 -0.008874773979187012 -0.07123613357543945
2 4 0.0965433120727539 -0.01684105396270752 0.2609100341796875 -0.20278072357177734 0.0090562105178833 -0.006730914115905762 0.11109447479248047
3 2 0.026625633239746094 -0.005032658576965332 0.07991409301757812 -0.061438560485839844 0.0037124156951904297 0.05074477195739746 0.014496803283691406
3 1 0.04996967315673828 -0.002045273780822754 0.11207962036132812 -0.013094902038574219 0.0001888275146484375 -0.007676839828491211 0.02070474624633789
4 4 -0.01312255859375 -0.010012626647949219 -0.08126068115234375 -0.0266268253326416 0.05085134506225586 -0.01608419418334961 0.05993771553039551
4 3 -0.05132913589477539 -0.010200738906860352 -0.1350860595703125 -0.10789179801940918 0.019710421562194824 -0.017652511596679688 -0.0001823902130126953
5 5 0.017200469970703125 -0.013659358024597168 0.04569244384765625 -0.005565643310546875 -0.015938520431518555 -0.0019478797912597656 -0.07411074638366699
