0 3 0.0820465087890625 -0.01109457015991211 -0.18714618682861328 -0.02900409698486328 -0.018500804901123047 -0.04129958152770996 -0.04723799228668213
0 0 15.839553833007812 0.1707441806793213 -3.7744407653808594 0.7599895000457764 0.25005042552948 0.25514984130859375 -1.6965850591659546
1 0 21.890174865722656 0.1950274109840393 -3.9241371154785156 0.975996732711792 0.33787310123443604 0.3496577739715576 -1.3930383920669556
1 4 -0.6069507598876953 -0.006962776184082031 0.17857742309570312 -1.2168996334075928 -0.23402273654937744 -0.08509182929992676 0.11933207866240991
1 1 -0.5742130279541016 -0.132856547832489 0.2696418762207031 0.03518533706665039 -0.09081995487213135 -0.2440732717514038 0.18804430961608887
2 2 0.011636734008789062 -0.10940051078796387 0.4161033630371094 0.15997982025146484 0.05153334140777588 -0.2080293893814087 -0.016699552536010742
3 3 0.13690567016601562 -0.054204344749450684 0.24346446990966797 -0.05324363708496094 -0.0825577974319458 -0.07603228092193604 0.11615526676177979
4 2 -0.08639383316040039 0.013855457305908203 -0.053466796875 -0.06172990798950195 -0.015834927558898926 0.017672061920166016 0.06628048419952393
4 0 0.022711753845214844 -0.005792856216430664 -0.0378570556640625 -0.0754401683807373 0.02448582649230957 -0.0021288394927978516 0.030046463012695312
5 1 0.16316604614257812 -0.03755897283554077 0.13550567626953125 -0.05299711227416992 -0.01577448844909668 -0.06404626369476318 0.020280122756958008
5 4 0.38410186767578125 -0.08829808235168457 0.10940170288085938 -0.4151453971862793 0.01276254653930664 -0.21524620056152344 -0.07564011606882559
