0 2 -0.1463909149169922 -0.033879995346069336 -0.12633514404296875 -0.09423160552978516 0.012441396713256836 0.0325314998626709 3.0378578032832593
0 0 19.842790603637695 0.2700285315513611 -15.978767395019531 0.26212072372436523 0.03643178939819336 0.3966710567474365 -4.831248641014099
1 1 -0.017378807067871094 -0.0013734102249145508 0.02260589599609375 -0.002548694610595703 -0.005715727806091309 0.011696934700012207 0.0011250972747802734
1 0 25.896862030029297 0.29468774795532227 -16.130245208740234 0.4741225242614746 0.12118005752563477 0.49454188346862793 -4.541720986366272
1 2 0.1930685043334961 -0.09123677015304565 -0.15704917907714844 0.02181386947631836 0.08121156692504883 -0.029630184173583984 -3.1360401783604175
2 0 0.03721189498901367 0.0014047622680664062 0.1602020263671875 -0.1109466552734375 -0.008839845657348633 0.015301108360290527 0.018426179885864258
2 3 0.09315299987792969 -0.06378483772277832 0.3366241455078125 -0.06439065933227539 -0.06514739990234375 -0.10624921321868896 0.0008904933929443359
3 2 -0.6993036270141602 -0.0008258819580078125 -0.05673027038574219 -0.264007568359375 -0.06809258460998535 0.13319849967956543 -2.8193432961124927
4 3 -0.05913496017456055 0.010895848274230957 -0.042728424072265625 0.0038199424743652344 0.03422665596008301 0.00841975212097168 0.01125478744506836
4 0 -0.031280517578125 0.029481887817382812 -0.39414215087890625 -0.3925967216491699 -0.10825788974761963 0.05914270877838135 -0.013397932052612305
5 2 -0.4094219207763672 -0.08310484886169434 0.3875236511230469 -0.08977651596069336 0.05729389190673828 -0.03350496292114258 -3.0296253834385425
