0 0 -0.21630477905273438 -0.016784071922302246 -0.12215614318847656 -0.1266016960144043 0.021005868911743164 0.06956624984741211 3.083644037367776
0 0 12.653051376342773 0.0714457631111145 29.434368133544922 -0.3700995445251465 0.030338764190673828 0.17250418663024902 -3.397069330094382
1 1 -0.012070655822753906 -0.005511283874511719 -0.1103515625 -0.02943873405456543 -0.0198366641998291 0.011389851570129395 0.02372884750366211
1 0 18.44133758544922 0.08489322662353516 29.581188201904297 -0.1594390869140625 0.12118148803710938 0.21635258197784424 -2.9730795572977513
1 2 -0.13141822814941406 -0.03393423557281494 -0.011608123779296875 0.09218740463256836 0.06791543960571289 -0.07514572143554688 0.03988957405090332
1 0 -0.4967527389526367 -0.039066851139068604 -0.10939407348632812 -0.10132217407226562 0.039766788482666016 0.04618275165557861 -3.0226281832437962
2 3 0.045407772064208984 -0.019092321395874023 0.4088592529296875 -0.09945392608642578 0.029168128967285156 -0.08791494369506836 0.018393516540527344
3 0 -0.7034626007080078 0.0015453100204467773 -0.08301544189453125 -0.27501773834228516 -0.08005404472351074 0.14432573318481445 -2.911482686875388
4 1 0.07274198532104492 -0.0010311603546142578 0.04956817626953125 0.10930252075195312 0.011767029762268066 0.026690125465393066 0.02975285053253174
4 3 -0.13392210006713867 0.0020864009857177734 -0.2540321350097656 -0.8652727603912354 -0.15434038639068604 -0.0886693000793457 0.11421394348144531
5 0 -0.03897666931152344 -0.11566197872161865 0.30582618713378906 0.015690326690673828 0.09732222557067871 -0.1052255630493164 -2.9995762060862035
