0 0 4.863739013671875e-05 0.0019686222076416016 -0.002208709716796875 -0.00034618377685546875 -0.01071023941040039 0.01783883571624756 -0.03611469268798828
0 3 0.07120800018310547 -0.029772162437438965 -0.22644615173339844 -0.30684661865234375 -0.02271294593811035 -0.05487358570098877 -0.12478435039520264
0 0 15.85992431640625 0.043242037296295166 48.02189254760742 -0.037302494049072266 0.12569129467010498 -0.0999307632446289 -1.6879552602767944
1 2 -0.02881908416748047 -0.0033177733421325684 -0.03092193603515625 -0.004998207092285156 0.0031006336212158203 -0.001139998435974121 0.002825021743774414
1 0 21.9140625 0.0678287148475647 47.87026596069336 0.17461872100830078 0.21032178401947021 -0.001979351043701172 -1.399210810661316
2 1 0.01450204849243164 -0.010289132595062256 0.07634735107421875 0.04555058479309082 0.016007184982299805 -0.0115586519241333 0.042582035064697266
2 0 -4.173297882080078 -0.03814178705215454 73.21798706054688 -0.008745670318603516 0.030367732048034668 -0.07082808017730713 3.199831008911133
3 3 0.05366325378417969 0.0003961324691772461 0.0989227294921875 -0.07061958312988281 -0.009813189506530762 0.024292469024658203 0.005318045616149902
3 0 0.039318084716796875 -0.014055848121643066 0.23098230361938477 0.03403472900390625 0.016638875007629395 -0.06588900089263916 0.09186172485351562
4 1 -0.0881967544555664 -0.004265725612640381 -0.30005645751953125 -0.16832804679870605 -0.018694162368774414 -0.015020132064819336 0.026799917221069336
4 0 -4.130424976348877 -0.12255364656448364 72.71863555908203 -0.5578219890594482 -0.031781911849975586 -0.296869158744812 3.0647577047348022
5 4 0.21956253051757812 0.02062755823135376 0.06719970703125 -0.4148120880126953 -0.08903956413269043 -0.007741451263427734 -0.019745588302612305
