0 4 0.051688194274902344 -0.01250070333480835 -0.06889915466308594 -0.027812957763671875 -0.001767873764038086 -0.0010467767715454102 -0.03541374206542969
0 0 -5.008848190307617 -0.06468933820724487 15.468372344970703 -0.036092281341552734 -0.03180694580078125 -0.23890936374664307 -6.407145977020264
1 0 1.043670654296875 -0.0396234393119812 15.31753158569336 0.17557287216186523 0.05358743667602539 -0.14129674434661865 -6.112637281417847
1 0 -0.8705520629882812 -0.10438084602355957 -0.05005645751953125 0.04804372787475586 -0.04212069511413574 -0.19668269157409668 -6.184610843658447
1 2 -0.5478229522705078 -0.01978248357772827 0.06866836547851562 -0.8321495056152344 -0.12436771392822266 -0.09421050548553467 -6.169866323471069
2 3 -0.013775348663330078 -0.014541387557983398 0.2630157470703125 0.06680440902709961 0.07424354553222656 -0.00984346866607666 0.012022733688354492
2 1 -0.030793190002441406 -0.05905240774154663 0.582122802734375 -0.8534092903137207 -0.06419694423675537 -0.2101898193359375 0.012384653091430664
3 4 0.08271121978759766 0.00843656063079834 0.587803840637207 -0.6410470008850098 -0.1763983964920044 0.059513211250305176 0.07939410209655762
4 1 0.025322437286376953 -0.0037124156951904297 0.029327392578125 0.034154415130615234 0.022491931915283203 -0.016316890716552734 -0.03702700138092041
4 3 -0.007276058197021484 -0.009263038635253906 -0.142852783203125 -0.04788661003112793 0.03431522846221924 -0.017841696739196777 0.004475593566894531
5 0 0.04109001159667969 -0.03612452745437622 0.07158660888671875 -0.030263423919677734 -0.04198575019836426 -0.06471037864685059 -6.268162250518799
