0 0 0.11268854141235352 -0.032520294189453125 -0.11047172546386719 -0.03824758529663086 -0.054586172103881836 -0.056684255599975586 -0.01971590518951416
0 0 19.852951049804688 -0.058860182762145996 40.28736114501953 -0.03767108917236328 -0.0323796272277832 -0.237870454788208 -4.842703223228455
1 3 -0.04820108413696289 -0.018501460552215576 0.11908721923828125 -0.20302867889404297 -0.010405659675598145 -0.057567715644836426 -0.07187211513519287
1 0 25.906394958496094 -0.033528685569763184 40.13534164428711 0.17557287216186523 0.05358743667602539 -0.14129674434661865 -4.542530655860901
1 2 -0.6946887969970703 -0.10552012920379639 -0.056705474853515625 0.0780792236328125 -0.008651971817016602 -0.21987509727478027 0.21079468727111816
2 1 -0.00484466552734375 -0.008969604969024658 0.288330078125 -0.6197977066040039 -0.14745104312896729 0.03260672092437744 0.015511870384216309
2 4 0.057694435119628906 -0.08475422859191895 0.21605682373046875 -0.0530858039855957 -0.07660436630249023 -0.1425189971923828 -0.04751479625701904
3 0 0.015599727630615234 -0.03179025650024414 0.24290943145751953 -0.06555986404418945 -0.05612611770629883 -0.04379558563232422 -0.07482898235321045
4 4 0.032793521881103516 0.031331658363342285 -0.1337432861328125 0.019366741180419922 0.07025265693664551 0.0419774055480957 0.005536675453186035
4 1 -0.029188156127929688 -0.0015132427215576172 -0.21826934814453125 -0.11185359954833984 -0.008918285369873047 -0.02487635612487793 -0.05919063091278076
5 2 0.07385826110839844 -0.025815844535827637 0.11727523803710938 -0.036052703857421875 -0.037240028381347656 -0.04418587684631348 0.004589080810546875
