0 4 0.038848876953125 -0.02413266897201538 -0.12923336029052734 -0.08529233932495117 -0.01680731773376465 0.03000497817993164 -0.08555757999420166
0 0 0.15588998794555664 -0.08997970819473267 -0.2086772918701172 -0.06815576553344727 -0.1048731803894043 -0.1491149663925171 -0.0910177230834961
0 0 19.85643196105957 -0.06277859210968018 30.407634735107422 -0.037105560302734375 -0.03205251693725586 -0.23842811584472656 -4.837013006210327
1 2 -0.04626607894897461 0.006686270236968994 0.01335906982421875 0.015128850936889648 0.0050193071365356445 0.01248157024383545 -0.04819309711456299
1 0 25.908363342285156 -0.037735700607299805 30.25710678100586 0.17557477951049805 0.053589820861816406 -0.1412954330444336 -4.540719032287598
1 5 -0.10573196411132812 -0.02253049612045288 0.017955780029296875 -0.28134918212890625 -0.03044581413269043 -0.07864439487457275 -5.216941833496094
2 3 -0.0004496574401855469 -0.05834841728210449 0.33322906494140625 -0.7354660034179688 -0.050568461418151855 -0.2124941349029541 -0.013866901397705078
3 0 0.015486717224121094 -0.0058525800704956055 0.0656585693359375 -0.01446390151977539 -0.010223627090454102 -0.008881092071533203 0.008983135223388672
3 4 0.15058422088623047 -0.02993297576904297 0.31505870819091797 -0.3703179359436035 -0.07839083671569824 -0.0010673999786376953 0.14671313762664795
4 3 0.01789712905883789 -0.005414128303527832 0.046905517578125 0.028713703155517578 0.01861262321472168 -0.020732402801513672 -0.0474315881729126
4 1 -0.021841049194335938 0.000461578369140625 0.043384552001953125 -0.047237396240234375 -0.015643596649169922 0.025363683700561523 -0.019452571868896484
5 1 -0.3856925964355469 0.005090475082397461 -0.3806724548339844 -1.3272154331207275 -0.289387583732605 -0.012703180313110352 -1.6636275053024292
