0 4 0.1138925552368164 0.0031442642211914062 -0.3250598907470703 -0.01324152946472168 0.045662879943847656 -0.010767340660095215 -0.08381104469299316
0 0 15.848979949951172 0.18379145860671997 -2.4609298706054688 -0.42681360244750977 -0.06750917434692383 0.2648310661315918 -1.6964632272720337
1 5 -0.05868816375732422 -0.006666600704193115 -0.009670257568359375 -0.07633161544799805 -0.003333568572998047 -0.024959802627563477 0.019040465354919434
1 2 -0.06981849670410156 -0.002748429775238037 -0.050006866455078125 -0.007308006286621094 0.0036191940307617188 -0.0025469064712524414 -0.008962035179138184
1 0 21.90087890625 0.20883285999298096 -2.6114540100097656 -0.21413135528564453 0.018134355545043945 0.3619680404663086 -1.4001792669296265
1 3 -0.10598945617675781 -0.022382616996765137 0.01792144775390625 -0.28147029876708984 -0.030473709106445312 -0.07857787609100342 -5.227925539016724
2 1 0.010627269744873047 0.0008378028869628906 0.075408935546875 -0.02800583839416504 -0.00194549560546875 0.001433253288269043 0.039818763732910156
3 4 -0.0341949462890625 -0.00260847806930542 0.12425422668457031 -0.05058026313781738 0.012296676635742188 0.00017583370208740234 0.014012932777404785
4 0 -0.022367477416992188 0.00044149160385131836 0.044219970703125 -0.04683351516723633 -0.015630245208740234 0.025264620780944824 -0.020229816436767578
5 0 -0.3881053924560547 0.004703044891357422 -0.3791923522949219 -1.330035924911499 -0.2893720865249634 -0.0146406888961792 -1.6801706552505493
