0 0 15.844369888305664 0.04311090707778931 -12.358692169189453 -0.03885173797607422 0.12411963939666748 -0.09833812713623047 -1.7005012035369873
1 5 0.04673194885253906 0.013056159019470215 0.02071380615234375 -0.037329673767089844 -0.006765961647033691 -0.0011284351348876953 -0.04706430435180664
1 0 21.897663116455078 0.06867051124572754 -12.510265350341797 0.17462396621704102 0.21034109592437744 -0.0019838809967041016 -1.3982386589050293
1 1 -1.1094036102294922 -0.10974431037902832 0.04703521728515625 -0.0078029632568359375 -0.1441051959991455 -0.20602130889892578 0.11740422248840332
2 0 0.09003162384033203 -0.03549659252166748 0.25771331787109375 0.0014781951904296875 0.009998798370361328 -0.0714956521987915 0.03598463535308838
2 2 0.09287261962890625 -0.12403476238250732 -0.5161819458007812 -0.002593517303466797 -0.07686257362365723 -0.21366620063781738 -0.04819381237030029
4 4 0.016103744506835938 0.012066900730133057 -0.026702880859375 0.030576705932617188 -0.029787659645080566 0.009343743324279785 -0.0008749961853027344
4 2 0.0013194084167480469 0.032666683197021484 -0.062290191650390625 -0.010130882263183594 0.04476284980773926 0.0489809513092041 0.021677255630493164
4 0 0.03401470184326172 0.01678401231765747 -0.04443359375 -0.02435445785522461 0.03008854389190674 -0.02493274211883545 0.05854499340057373
5 1 0.07871055603027344 -0.019011497497558594 0.134124755859375 -0.019734859466552734 0.002074718475341797 -0.02715754508972168 -0.006029605865478516
5 3 0.11382675170898438 -0.006125211715698242 0.038822174072265625 -0.028853416442871094 0.018201589584350586 -0.01570749282836914 0.02741419884841889
5 2 -0.10690593719482422 -0.13119137287139893 -0.26882171630859375 0.027243614196777344 -0.1159050464630127 -0.21057641506195068 0.02480471134185791
