0 1 0.05880546569824219 -0.026729464530944824 -0.24092960357666016 -0.0008568763732910156 -0.021376371383666992 -0.05370044708251953 -0.10683977603912354
0 0 16.345518112182617 -0.009946107864379883 -3.0778579711914062 0.10261917114257812 0.12864720821380615 -0.11343050003051758 -1.591814637184143
1 2 0.0444188117980957 0.0031998157501220703 0.023128509521484375 -0.03244781494140625 0.011286020278930664 -0.0044040679931640625 -0.0322953462600708
1 4 0.11753273010253906 -0.027456164360046387 -0.051486968994140625 0.03847789764404297 0.06669783592224121 -0.08999717235565186 -6.307378768920898
1 0 21.907928466796875 0.03458684682846069 -2.980365753173828 0.17461824417114258 0.2103215456008911 -0.0019800662994384766 -1.4031540155410767
2 3 -0.00396728515625 -0.010929286479949951 0.11321258544921875 -0.0056591033935546875 0.002805948257446289 -0.01854097843170166 0.03925609588623047
3 1 0.07876873016357422 -0.06318908929824829 0.2435894012451172 -0.0011835098266601562 -0.07227373123168945 -0.09724807739257812 0.08717763423919678
3 0 0.1513233184814453 -0.19473576545715332 -57.43924708821578 -0.8413486480712891 -0.018526077270507812 -0.36786699295043945 0.08693480491638184
4 0 0.008706092834472656 0.004756629467010498 0.01776885986328125 -0.03384542465209961 0.0069473981857299805 0.038064002990722656 0.012210607528686523
4 3 -0.05686378479003906 -0.03366208076477051 -0.15947723388671875 0.01939105987548828 0.026374101638793945 -0.07462215423583984 0.004645824432373047
