0 4 0.16658544540405273 -0.01809614896774292 -0.3563880920410156 -0.028557777404785156 0.06425821781158447 -0.011447429656982422 -0.136580228805542
0 0 4.290204048156738 -0.16002756357192993 -67.34097269549966 -0.8141369819641113 -0.02284717559814453 -0.34867537021636963 -3.1069626808166504
0 1 0.07235145568847656 -0.015663564205169678 -0.4053001403808594 -0.6493210792541504 -0.05972135066986084 -0.08068740367889404 -6.088534355163574
0 0 20.481441497802734 0.021579086780548096 -12.94949722290039 0.09863615036010742 0.12600481510162354 -0.11277246475219727 -4.67891800403595
1 1 -0.2234210968017578 -0.07334083318710327 0.0079193115234375 -0.6267533302307129 -0.04444777965545654 -0.17240476608276367 -6.386084794998169
1 0 26.217002868652344 0.09748011827468872 -12.898983001708984 0.04493522644042969 0.18258678913116455 0.06410253047943115 -4.738683819770813
2 0 0.013716697692871094 -0.022536814212799072 0.15566253662109375 0.0321507453918457 0.017182111740112305 -0.04625654220581055 0.05924868583679199
3 4 -0.02169656753540039 -0.006886661052703857 0.0071163177490234375 -0.05385422706604004 -0.0049915313720703125 0.008440732955932617 0.016659975051879883
3 0 4.304583549499512 -0.14526277780532837 -67.32217342406511 -0.7839674949645996 -0.031171083450317383 -0.3567103147506714 -3.004800319671631
4 2 0.014346122741699219 0.004744768142700195 -0.016330718994140625 0.005766391754150391 0.03211510181427002 0.011648774147033691 0.0637277364730835
4 0 -0.060799598693847656 -0.016786158084869385 -0.1947174072265625 -0.034636497497558594 0.004014253616333008 -0.037039995193481445 -0.008020281791687012
5 3 0.06523513793945312 0.013028144836425781 0.030609130859375 0.10430788993835449 0.06289434432983398 0.012539029121398926 0.00028324814047664404
5 1 0.6302337646484375 -0.04866528511047363 0.2115325927734375 -0.3313426971435547 -0.030321717262268066 -0.11603963375091553 -6.158543348312378
