0 1 0.09830856323242188 -0.015729069709777832 -0.13851261138916016 -0.1386890411376953 -0.005198955535888672 -0.035622358322143555 -0.03611314296722412
0 3 0.04125499725341797 -0.000736236572265625 -0.282135009765625 -0.17751789093017578 -0.04402899742126465 -0.005161404609680176 0.01659846305847168
0 0 20.06528091430664 0.18902945518493652 -23.76201629638672 0.8787062168121338 0.24195849895477295 0.30385398864746094 -4.899670600891113
1 0 25.896942138671875 0.21884167194366455 -23.83639907836914 0.9759972095489502 0.33787381649017334 0.34965813159942627 -4.541759014129639
2 0 -0.008823394775390625 7.510185241699219e-05 0.1102752685546875 -0.07249951362609863 0.001968979835510254 0.006908893585205078 0.023325681686401367
2 2 -0.006432533264160156 -0.02132803201675415 0.34677886962890625 -0.427793025970459 -0.05131053924560547 -0.06668281555175781 -0.0208207368850708
3 3 0.02155303955078125 -0.008198559284210205 0.18894290924072266 -0.06785440444946289 -0.012159109115600586 -0.02254354953765869 -0.002171635627746582
3 1 0.1502666473388672 -0.0032681822776794434 0.22450542449951172 -0.11566972732543945 -0.04220235347747803 -0.00833582878112793 0.17628443241119385
4 2 -0.05892133712768555 0.013754546642303467 -0.3542022705078125 -0.7895255088806152 -0.1732950210571289 0.019223570823669434 0.08305871486663818
5 0 3.8025035858154297 0.008657395839691162 -78.16932907700539 1.0569231510162354 0.27549421787261963 0.0022432804107666016 1.4488749504089355
