0 0 19.843416213989258 0.0436248779296875 29.90869903564453 -0.03738546371459961 0.1255718469619751 -0.09985244274139404 -4.8331111669540405
1 2 -0.018218517303466797 -0.004067540168762207 -0.03594970703125 -0.013912200927734375 -0.012438416481018066 0.010498046875 -0.0008385181427001953
1 0 25.897483825683594 0.06828552484512329 29.75722885131836 0.17461872100830078 0.21032178401947021 -0.001979351043701172 -4.543585419654846
2 4 0.022878646850585938 -0.0036496520042419434 0.027374267578125 -0.03235340118408203 -0.0156632661819458 0.009598374366760254 0.026685714721679688
2 1 0.0112762451171875 -0.0324668288230896 0.3436012268066406 -0.5566353797912598 -0.07657313346862793 -0.07749652862548828 0.012153148651123047
2 2 -0.10849905014038086 -0.16149508953094482 0.4588890075683594 -0.31060218811035156 -0.05335557460784912 -0.30406856536865234 -0.1324855089187622
3 0 -0.01313924789428711 -0.0016504526138305664 0.06392669677734375 -0.014468193054199219 -0.0024608373641967773 -0.00218963623046875 0.01023721694946289
4 3 0.023897171020507812 0.0024611949920654297 -0.03015899658203125 -0.05164480209350586 -0.014893770217895508 -0.012049674987792969 0.01680147647857666
4 1 -0.08131027221679688 -0.0043711066246032715 -0.12393569946289062 -0.36033105850219727 -0.06078982353210449 -0.011017084121704102 0.016412734985351562
4 2 -0.20562267303466797 -0.09469246864318848 0.4767303466796875 0.05219411849975586 0.026946663856506348 -0.15797853469848633 -0.25585460662841797
