0 5 0.0002346038818359375 -0.02903568744659424 -0.14945602416992188 -0.36155176162719727 -0.029345154762268066 -0.08189225196838379 -0.08962500095367432
0 4 -0.1472454071044922 -0.10583025217056274 0.16223526000976562 0.21566057205200195 0.02194523811340332 -0.19259095191955566 -0.11699581146240234
0 0 19.89619255065918 -0.05739128589630127 30.418594360351562 -0.04292011260986328 -0.032351016998291016 -0.23082351684570312 -4.8540754318237305
0 0 0.1565556526184082 -0.10383826494216919 -0.3053932189941406 -0.06859588623046875 -0.11322891712188721 -0.17200922966003418 -0.12638890743255615
1 0 25.908363342285156 -0.03773772716522217 30.277626037597656 0.17557191848754883 0.05358624458312988 -0.1412971019744873 -4.540722608566284
1 4 -0.32260704040527344 -0.045127153396606445 -0.020099639892578125 -0.03879261016845703 -0.026050329208374023 -0.10794472694396973 -6.192210674285889
2 3 0.05372333526611328 0.008385419845581055 -0.01462554931640625 0.012767553329467773 -0.028772592544555664 0.018235445022583008 0.003938794136047363
3 0 -0.004696369171142578 -0.009402751922607422 0.09854507446289062 -0.039209842681884766 -0.024520158767700195 -0.011099100112915039 -0.005874991416931152
3 5 0.10277938842773438 -0.007049083709716797 0.29402923583984375 -0.5583920478820801 -0.10300242900848389 -0.04533946514129639 0.08651196956634521
4 3 -0.0649571418762207 0.00424647331237793 -0.239288330078125 -0.06722712516784668 -0.016984224319458008 -0.0020679235458374023 0.04751873016357422
5 4 0.13056182861328125 -0.08432215452194214 0.18090057373046875 0.07445049285888672 0.005422115325927734 -0.14166474342346191 -6.202699184417725
5 1 0.1844635009765625 0.004111588001251221 0.026287078857421875 -0.16144704818725586 -0.014038324356079102 0.030585169792175293 -0.026769399642944336
