0 0 0.09651374816894531 -0.023952484130859375 -0.2832975387573242 -0.8350067138671875 -0.13105809688568115 -0.07641041278839111 -0.040080904960632324
0 0 15.710115432739258 0.21736466884613037 38.617027282714844 -0.4261355400085449 -0.06661558151245117 0.2640949487686157 -1.6898112297058105
1 3 0.10285615921020508 -0.024694323539733887 0.20538330078125 -0.03393840789794922 -0.00966644287109375 -0.0493999719619751 0.004986405372619629
1 0 21.764183044433594 0.24202531576156616 38.46555709838867 -0.21413135528564453 0.018134355545043945 0.3619680404663086 -1.400285005569458
2 1 -0.02397632598876953 -0.004290223121643066 0.026641845703125 0.0026526451110839844 0.013089179992675781 -0.01834714412689209 -0.022194266319274902
2 4 0.04972696304321289 -0.0620114803314209 0.26760101318359375 -0.051483154296875 -0.056809425354003906 -0.09329760074615479 0.025608301162719727
3 2 -0.0070476531982421875 -0.011950135231018066 0.06585311889648438 -0.03200387954711914 0.02021646499633789 -0.037268757820129395 0.009410381317138672
3 0 0.053725242614746094 -0.020610809326171875 0.2840404510498047 -0.16149330139160156 -0.048925161361694336 0.02105534076690674 0.03232681751251221
4 4 0.013033390045166016 0.01996016502380371 -0.051273345947265625 -0.03459644317626953 0.03400397300720215 0.028536081314086914 0.007254123687744141
4 1 0.0388951301574707 -0.011966526508331299 -0.5331192016601562 -0.7018990516662598 -0.13681018352508545 -0.04207003116607666 -0.2143840789794922
