0 0 0.05558967590332031 -0.005068778991699219 -0.12710285186767578 0.023173809051513672 0.028624773025512695 -0.020650625228881836 -0.05869174003601074
0 3 0.44242095947265625 -0.047523677349090576 -0.2539215087890625 0.10940027236938477 0.1246103048324585 -0.09859323501586914 2.5739675760269165
0 0 15.853494644165039 0.1766582727432251 40.25187683105469 -0.3712034225463867 0.03661370277404785 0.11877870559692383 -1.6870778799057007
1 3 -0.2084808349609375 -0.03565317392349243 -0.019939422607421875 0.023577213287353516 -0.01212453842163086 -0.06795179843902588 -0.11232280731201172
1 0 21.907196044921875 0.20113134384155273 40.09988021850586 -0.1594386100769043 0.12118172645568848 0.2163527011871338 -1.3989027738571167
2 2 -0.01457357406616211 -0.0010194182395935059 0.023345947265625 0.0022058486938476562 0.004925966262817383 0.005955815315246582 0.02016746997833252
2 3 -0.4734029769897461 -0.15491193532943726 0.05556488037109375 -0.17524099349975586 0.03366959095001221 -0.2863110303878784 0.03101062774658203
3 1 0.03984832763671875 -0.007630288600921631 0.09872245788574219 -0.05295133590698242 0.009415626525878906 -0.024422168731689453 -0.029555916786193848
3 0 0.06947803497314453 -0.010195136070251465 0.20244693756103516 -0.18743515014648438 -0.041767001152038574 -0.01091015338897705 0.08900642395019531
4 2 0.02480030059814453 -0.03429180383682251 -0.15494537353515625 0.029302597045898438 0.026508331298828125 -0.08107268810272217 -0.035481810569763184
5 4 0.3162078857421875 0.0038687586784362793 0.042690277099609375 -0.6323857307434082 -0.15758216381072998 0.003144979476928711 -0.10857057571411133
5 3 0.23219680786132812 -0.057181358337402344 0.08465576171875 0.030280113220214844 0.04583120346069336 -0.0729374885559082 -0.17116093635559082
