0 3 0.18713855743408203 0.040405452251434326 -0.4443778991699219 -0.4354524612426758 -0.10964739322662354 0.07186412811279297 -0.13338422775268555
0 2 0.05661916732788086 0.008023858070373535 -0.4041624069213867 -0.492246150970459 -0.04814136028289795 -0.04047799110412598 -0.028366923332214355
0 0 19.978662490844727 0.04320651292800903 -11.5606689453125 -0.03731250762939453 0.125693678855896 -0.09993541240692139 -4.83218789100647
1 0 26.032913208007812 0.06781113147735596 -11.712276458740234 0.17461681365966797 0.21032345294952393 -0.0019930601119995117 -4.543322563171387
2 0 0.013888359069824219 -0.03719663619995117 0.17139434814453125 0.05775022506713867 0.02285635471343994 -0.07357907295227051 0.017032623291015625
2 0 0.2136220932006836 -0.16116929054260254 13.710784912109375 -0.8958392143249512 -0.078177809715271 -0.3672962188720703 -0.03916001319885254
3 3 0.011469364166259766 0.0017115473747253418 0.12558937072753906 -0.06929636001586914 -0.0005702972412109375 0.015776753425598145 0.03213369846343994
3 2 -0.0004487037658691406 -0.006554782390594482 0.04527091979980469 -0.03400278091430664 0.00734400749206543 -0.025220394134521484 -0.03226792812347412
4 0 -0.10425186157226562 -0.002375483512878418 -0.108367919921875 -0.013228416442871094 0.01108860969543457 -0.0066680908203125 0.07137930393218994
4 0 0.26795482635498047 -0.16555464267730713 13.648880004882812 -0.6859130859375 -0.05466878414154053 -0.38476669788360596 -0.6219978332519531
5 1 0.15155410766601562 0.008932888507843018 0.02570343017578125 -0.0007109642028808594 0.02905106544494629 0.0005725622177124023 -0.00016075073654064909
