0 0 19.851181030273438 0.2683444619178772 17.798538208007812 0.2607746124267578 0.03474998474121094 0.39799439907073975 -4.843383312225342
1 1 -0.028461933135986328 0.015673160552978516 -0.06349945068359375 0.020351409912109375 0.024049043655395508 0.02722620964050293 0.03618443012237549
1 0 -0.0594182014465332 0.009644031524658203 0.15013504028320312 -0.19628429412841797 -0.02164304256439209 0.03308212757110596 -0.035430908203125
1 0 25.902053833007812 0.29412591457366943 17.64889144897461 0.4741249084472656 0.12118172645568848 0.4945441484451294 -4.541722059249878
1 4 -0.6237697601318359 -0.03582477569580078 -0.17006301879882812 0.17993450164794922 0.10533034801483154 -0.08893287181854248 -0.03151202201843262
2 1 -0.11316347122192383 -0.2085471749305725 0.4695014953613281 0.13266324996948242 -0.04800701141357422 -0.3887045383453369 -0.03226816654205322
2 2 0.003154754638671875 -0.10220158100128174 0.3300437927246094 -0.029412269592285156 -0.08745598793029785 -0.18336033821105957 -0.019534826278686523
2 0 0.09032154083251953 0.06240034103393555 43.082794189453125 -0.6139585971832275 -0.17025423049926758 0.12964391708374023 0.0350191593170166
3 3 0.017276287078857422 0.005034923553466797 -0.015756607055664062 -0.028798341751098633 -0.01595437526702881 0.009620070457458496 0.0296475887298584
4 2 0.032199859619140625 0.02526712417602539 -0.1360015869140625 0.01901102066040039 0.0573735237121582 0.03197216987609863 0.026568293571472168
4 0 0.1538829803466797 0.05368614196777344 42.98815155029297 -0.3636291027069092 -0.1327906847000122 0.10922122001647949 -0.7598487734794617
5 4 0.050380706787109375 0.005596458911895752 -0.001438140869140625 0.06017255783081055 0.0324857234954834 0.004313468933105469 -0.008116483688354492
5 2 0.04848527908325195 -0.13320553302764893 -0.16571807861328125 -0.004269123077392578 -0.11886513233184814 -0.21975290775299072 -0.29472124576568604
