0 3 0.037754058837890625 -0.01742839813232422 -0.15531063079833984 -0.3114767074584961 -0.03201794624328613 -0.05119943618774414 -0.06415128707885742
0 0 19.999082565307617 0.271403431892395 -21.496967315673828 0.26201438903808594 0.03719758987426758 0.39820587635040283 -4.837871670722961
1 0 26.038429260253906 0.2942529320716858 -21.645511627197266 0.4741249084472656 0.12118148803710938 0.49454402923583984 -4.542005658149719
1 2 -0.23934173583984375 -0.09932708740234375 0.07716751098632812 -0.20082616806030273 -0.0218355655670166 -0.18292391300201416 0.0031805038452148438
1 5 -0.4985694885253906 -0.024583101272583008 -0.006618499755859375 -0.6661758422851562 -0.05931580066680908 -0.13000941276550293 -6.16132926940918
2 0 0.0026340484619140625 -0.0033308863639831543 0.1992645263671875 -0.104888916015625 -0.00565791130065918 0.002949833869934082 0.02686309814453125
3 1 0.030097484588623047 0.0018933415412902832 0.025487899780273438 -0.05016207695007324 -0.012993335723876953 0.0020143985748291016 0.017205476760864258
3 4 0.025284290313720703 0.007226705551147461 0.032928466796875 -0.020311832427978516 -0.02661263942718506 0.011793732643127441 0.019907712936401367
3 3 0.15708541870117188 0.013406515121459961 0.4204750061035156 -0.6581225395202637 -0.12369740009307861 -0.0720832347869873 0.26444077491760254
4 0 -0.08266592025756836 0.024866223335266113 -0.3514556884765625 -0.3699967861175537 -0.09017395973205566 0.06446301937103271 0.010267496109008789
5 5 0.2081012725830078 0.006028354167938232 0.03125 -0.35152482986450195 -0.05668938159942627 -0.030627727508544922 -6.260751247406006
