0 6 0.016839027404785156 -0.01145470142364502 0.11304950714111328 0.08141374588012695 0.0895848274230957 -0.0822974443435669 0.026271939277648926
0 5 0.12820816040039062 -0.0325811505317688 -0.13178062438964844 -0.24551916122436523 0.025686025619506836 -0.11116170883178711 0.014062285423278809
0 0 1.2781715393066406 0.2369232177734375 15.393722534179688 0.37640857696533203 0.024863004684448242 0.44909608364105225 -6.4657487869262695
1 7 -0.04952287673950195 -0.013688981533050537 0.08671951293945312 -0.09310197830200195 0.0012392997741699219 -0.03338170051574707 -0.03366744518280029
1 1 -0.025054931640625 -0.004141390323638916 0.02014923095703125 -0.015079975128173828 0.004899859428405762 0.009524822235107422 -0.024055123329162598
1 0 7.10932731628418 0.26695847511291504 15.320697784423828 0.47412538528442383 0.12118911743164062 0.49453580379486084 -6.10791015625
2 2 0.026471614837646484 -0.03539186716079712 -0.12348175048828125 -0.057973384857177734 -0.07531142234802246 -0.00425410270690918 -0.003021240234375
2 3 -0.08809661865234375 -0.15446335077285767 0.7373237609863281 -0.6609740257263184 -0.08222699165344238 -0.308413028717041 -0.05044233798980713
3 5 0.04008769989013672 0.010893166065216064 0.058612823486328125 -0.07392120361328125 -0.013396501541137695 0.0418546199798584 0.002600550651550293
3 6 0.11442184448242188 -0.008294284343719482 0.14650821685791016 -0.14785194396972656 -0.050348877906799316 0.004991292953491211 0.12511718273162842
4 3 -0.011153221130371094 0.0007106661796569824 0.028789520263671875 0.0003657341003417969 0.006311655044555664 0.025377273559570312 0.0132063627243042
5 4 0.23645591735839844 -0.013545453548431396 0.04016876220703125 -0.3143653869628906 -0.02798640727996826 -0.0783306360244751 -0.021435162518173456
5 0 0.2314910888671875 -0.007592618465423584 0.18848037719726562 -0.18770217895507812 -0.05249965190887451 0.0017199516296386719 -6.134125232696533
