0 3 0.10632038116455078 0.005000054836273193 -0.46698570251464844 -0.9734447002410889 -0.17457687854766846 -0.004697203636169434 -0.10747957229614258
0 0 1.2748641967773438 0.2424106001853943 15.394718170166016 0.37665224075317383 0.02493453025817871 0.44886815547943115 -6.465748310089111
1 0 7.10649299621582 0.27227139472961426 15.320686340332031 0.4741244316101074 0.12118101119995117 0.49454402923583984 -6.1079511642456055
2 1 0.0029850006103515625 -0.013079822063446045 0.14821624755859375 -0.018754005432128906 0.03256821632385254 -0.004940986633300781 0.03461778163909912
2 2 -0.019959449768066406 -0.1346232295036316 0.5278854370117188 -0.13504886627197266 0.05387067794799805 -0.21818339824676514 -0.04734838008880615
3 3 0.04286670684814453 -0.016857385635375977 0.20743179321289062 -0.09396076202392578 -0.04555821418762207 0.0430300235748291 -0.013990640640258789
4 2 0.007723808288574219 -0.006925404071807861 0.006511688232421875 -0.015197277069091797 -0.00484156608581543 0.026242375373840332 0.02273571491241455
4 1 -0.09887886047363281 -0.025687038898468018 -0.206939697265625 -0.11029911041259766 0.04276430606842041 -0.03632497787475586 0.017093658447265625
5 0 0.2417144775390625 0.003135979175567627 0.16598892211914062 -0.22220945358276367 -0.06524920463562012 0.010662674903869629 -6.2074010372161865
5 2 0.09539508819580078 -0.09593302011489868 0.3695564270019531 0.0585331916809082 0.041136860847473145 -0.16912519931793213 0.14692533016204834
