0 3 0.12043285369873047 -0.018441498279571533 -0.2135753631591797 -0.0280914306640625 0.0012836456298828125 -0.02923762798309326 -0.08450531959533691
0 1 0.21918201446533203 0.04303044080734253 -0.5222320556640625 -0.4961872100830078 -0.1087949275970459 0.09191751480102539 -0.2235419750213623
0 0 19.981908798217773 0.2167147397994995 -13.687034606933594 -0.4261322021484375 -0.06661415100097656 0.264101505279541 -4.831415891647339
1 2 0.020056724548339844 0.0022841691970825195 -0.003223419189453125 0.0021910667419433594 0.00929570198059082 0.00048804283142089844 0.00694584846496582
1 0 26.03586769104004 0.24136120080947876 -13.8385009765625 -0.21407222747802734 0.018268823623657227 0.3618135452270508 -4.541731834411621
2 0 -0.021339893341064453 -0.04006302356719971 0.28511810302734375 -0.515620231628418 -0.06629252433776855 -0.10283279418945312 0.011377692222595215
3 1 0.0012192726135253906 -0.004710197448730469 0.12056541442871094 -0.05853271484375 0.0064356327056884766 -0.008848071098327637 0.014029741287231445
3 3 -0.015461921691894531 -0.018869757652282715 0.08323097229003906 0.006811618804931641 -0.0011421442031860352 -0.04261207580566406 0.011140942573547363
4 4 0.04366302490234375 0.005110442638397217 0.023616790771484375 0.06326675415039062 0.011575579643249512 0.01195681095123291 -0.023534297943115234
4 0 -0.016490936279296875 0.015058398246765137 -0.3763427734375 -0.5587701797485352 -0.1399921178817749 0.03334498405456543 0.0900498628616333
