0 2 0.11370372772216797 -0.02757883071899414 -0.23254966735839844 -0.035503387451171875 0.0206679105758667 -0.051610469818115234 -0.09234821796417236
0 0 0.20559358596801758 0.04676598310470581 -0.6496696472167969 -0.4292755126953125 -0.10758209228515625 0.10983335971832275 -0.10709786415100098
0 0 19.850732803344727 0.2700297236442566 29.871421813964844 0.26212072372436523 0.03643178939819336 0.3966710567474365 -4.831125617027283
1 0 25.904800415039062 0.2946903109550476 29.719951629638672 0.4741249084472656 0.12118172645568848 0.4945441484451294 -4.541599869728088
2 3 0.021370410919189453 -0.0073767900466918945 0.0319671630859375 -0.024674654006958008 0.0007596015930175781 0.011168122291564941 -0.00833594799041748
2 1 0.04883861541748047 -0.09363216161727905 0.27721405029296875 -0.03705787658691406 -0.08622467517852783 -0.1707756519317627 -0.12289118766784668
3 0 0.0022063255310058594 -0.004135549068450928 0.12051010131835938 -0.057858943939208984 0.006154775619506836 -0.008043289184570312 0.01326608657836914
3 2 -0.013057231903076172 -0.002955794334411621 -0.028717041015625 -0.029755115509033203 0.009877562522888184 -0.02194046974182129 -0.002918243408203125
4 1 0.033022403717041016 0.025864839553833008 -0.10222625732421875 0.014104843139648438 0.05619955062866211 0.027488231658935547 0.006245136260986328
5 4 0.10027313232421875 0.009184122085571289 -0.019840240478515625 -0.17097973823547363 -0.007107853889465332 0.005034208297729492 -0.04138493537902832
5 1 -0.06187248229980469 -0.1412200927734375 -0.6650619506835938 0.0014290809631347656 -0.06902790069580078 -0.2879676818847656 0.0005736351013183594
