0 0 19.84554100036621 0.04355388879776001 -4.049800872802734 -0.03740358352661133 0.12546145915985107 -0.09978771209716797 -4.8323211669921875
1 0 25.899375915527344 0.06829047203063965 -4.201202392578125 0.1746206283569336 0.21033203601837158 -0.0019899606704711914 -4.541690111160278
1 1 0.010375022888183594 0.0029937028884887695 0.2512168884277344 -0.1371316909790039 -0.07023262977600098 0.10148036479949951 0.04647862911224365
2 4 0.06956863403320312 0.03608894348144531 0.31258392333984375 -0.48863673210144043 -0.10319042205810547 0.06489253044128418 0.04185974597930908
2 0 0.09867620468139648 -0.124289870262146 0.35736083984375 0.18384885787963867 0.11266958713531494 -0.24218237400054932 -0.03953146934509277
3 1 0.009442329406738281 -0.02274298667907715 -0.2508583068847656 -0.0566859245300293 -0.002961874008178711 -0.0024657249450683594 -0.029323458671569824
3 2 0.010851383209228516 -0.004780769348144531 0.08618927001953125 -0.01702404022216797 0.008048295974731445 -0.006999015808105469 -0.009081125259399414
4 0 -0.02983379364013672 0.014956414699554443 -0.13797760009765625 -0.03801441192626953 0.0022031068801879883 0.012847661972045898 0.04175615310668945
4 4 -0.07177352905273438 0.018621206283569336 -0.14620208740234375 -0.10367822647094727 0.030844449996948242 0.046930670738220215 -0.010637164115905762
5 3 0.07625961303710938 0.016592323780059814 0.030025482177734375 -0.08610296249389648 0.0008336305618286133 0.0035789012908935547 0.028177271131426096
