0 3 0.08286571502685547 0.00705265998840332 -0.41562557220458984 -0.8619894981384277 -0.1746692657470703 0.012469291687011719 -0.07827115058898926
0 1 0.09174680709838867 -0.025196492671966553 -0.2606201171875 -0.025248050689697266 0.02133786678314209 -0.04487025737762451 -0.09272658824920654
0 0 -9.166048049926758 0.18790173530578613 11.468555450439453 0.7648136615753174 0.2531782388687134 0.25153839588165283 -3.259918957919581
1 5 -0.03876209259033203 -0.001130223274230957 0.0171661376953125 -0.019787073135375977 0.008817434310913086 0.007017254829406738 -0.02194845676422119
1 0 -3.1120986938476562 0.2125554084777832 11.316692352294922 0.97599196434021 0.3378697633743286 0.3496516942977905 -2.971154481143458
2 4 0.008011817932128906 -0.0397869348526001 0.310546875 -0.6198396682739258 -0.09631514549255371 -0.1077871322631836 0.02982807159423828
3 2 -0.0203094482421875 -0.0025936365127563477 0.0269012451171875 -0.014165401458740234 -0.0073136091232299805 -0.0035799741744995117 0.013114452362060547
3 1 0.028397083282470703 -0.03677421808242798 0.12852859497070312 0.06679058074951172 0.017008423805236816 -0.0642009973526001 0.022666573524475098
3 3 0.031273841857910156 -0.028048574924468994 0.19407272338867188 -0.07626628875732422 -0.019736051559448242 0.008923530578613281 0.0007581710815429688
4 4 -0.026577472686767578 -0.00438302755355835 -0.3735198974609375 -0.5102477073669434 -0.1005251407623291 -0.022740602493286133 0.014225363731384277
5 0 0.09349441528320312 0.0031232833862304688 0.053516387939453125 0.02378249168395996 0.031580567359924316 0.017213940620422363 -0.003611475200159475
