0 3 0.046672821044921875 0.005248844623565674 -0.4761209487915039 -0.993976354598999 -0.1648249626159668 -0.008222341537475586 -0.13754796981811523
0 6 -0.3245677947998047 -0.027527272701263428 -0.16229629516601562 -0.1470947265625 0.036429643630981445 -0.11394238471984863 1.379612659526174
0 0 16.444303512573242 0.18387722969055176 -10.4130859375 0.9523801803588867 0.18843817710876465 0.24365735054016113 -1.558487057685852
1 2 0.07943487167358398 -0.02289605140686035 0.15169525146484375 -0.02011585235595703 -0.006028175354003906 -0.04129433631896973 0.003285527229309082
1 0 21.958059310913086 0.23529261350631714 -10.272693634033203 1.0257601737976074 0.27417469024658203 0.36192822456359863 -1.4024018049240112
2 1 0.03890562057495117 -0.007588624954223633 0.1632537841796875 0.010577201843261719 -0.0063555240631103516 -0.012977838516235352 0.044097900390625
2 0 -0.0970001220703125 -0.0018128752708435059 0.42336273193359375 -0.24521398544311523 -0.008377671241760254 -0.03904545307159424 -0.1242513656616211
2 4 -0.06446123123168945 -0.03827029466629028 0.3709526062011719 0.05384039878845215 0.128670334815979 -0.0578768253326416 -0.07868266105651855
3 3 0.055321693420410156 -0.010586738586425781 0.20021820068359375 -0.13620328903198242 -0.04929685592651367 0.044591546058654785 0.02268242835998535
4 0 -0.02983856201171875 0.026939690113067627 0.0920562744140625 0.13446950912475586 0.017492055892944336 0.013559699058532715 -0.01649785041809082
4 4 -0.06484127044677734 -0.0023143887519836426 -0.1938629150390625 -0.11356711387634277 0.0013194084167480469 -0.02085435390472412 0.12804555892944336
4 1 -0.05035066604614258 -0.0770261287689209 -0.15857696533203125 0.03440284729003906 -0.05463886260986328 -0.13489603996276855 0.060439109802246094
5 5 0.22771072387695312 -0.029308795928955078 0.01650238037109375 -0.27528905868530273 -0.030346155166625977 -0.06279730796813965 -0.0006958750109333778
5 6 0.19904136657714844 -0.06099826097488403 0.12251663208007812 -0.21541833877563477 0.013910293579101562 -0.14068341255187988 -0.016139964151079766
