0 3 0.04743194580078125 -0.0077034831047058105 -0.21848297119140625 -0.13798189163208008 0.05361056327819824 0.010100007057189941 -0.13451647758483887
0 0 -5.181177139282227 0.21434611082077026 11.413619995117188 -0.4262828826904297 -0.06661581993103027 0.26412642002105713 -3.2681414913386106
1 0 0.8730926513671875 0.23904651403427124 11.262092590332031 -0.21414804458618164 0.018147706985473633 0.3619612455368042 -2.9783720802515745
2 4 0.036757469177246094 -0.0035596489906311035 0.08635711669921875 -0.013565540313720703 0.0007646083831787109 -0.009708642959594727 0.0022896528244018555
2 1 0.005940437316894531 -0.012845993041992188 -0.043323516845703125 0.13863921165466309 0.051283836364746094 -0.019091486930847168 -0.0235140323638916
2 2 -0.14269542694091797 0.002909839153289795 0.5453414916992188 -0.5383384227752686 -0.06748104095458984 0.025439858436584473 0.02080833911895752
3 3 0.03524494171142578 -0.02386552095413208 0.23114776611328125 -0.1250593662261963 0.019792914390563965 -0.0126570463180542 0.012573480606079102
4 2 -0.00428009033203125 0.0015535950660705566 0.01123046875 0.00286102294921875 -0.016999483108520508 0.04602205753326416 -0.0141831636428833
4 1 -0.06345796585083008 0.0009254217147827148 -0.22955703735351562 -0.09671902656555176 -0.004712462425231934 0.001178145408630371 0.1243058443069458
5 0 0.2384052276611328 -0.022441387176513672 0.003864288330078125 -0.47570228576660156 -0.07337331771850586 -0.06450986862182617 0.0077714864164590836
