0 3 -0.011487960815429688 -0.004954099655151367 -0.13920998573303223 -0.06123495101928711 0.01878643035888672 -0.043704867362976074 -0.04959142208099365
0 5 0.21761417388916016 -0.0763668417930603 -0.5899524688720703 -0.3498072624206543 0.0559384822845459 -0.17642223834991455 0.1217961311340332
1 0 26.045921325683594 -0.037419676780700684 -22.122760772705078 0.17557191848754883 0.053586721420288086 -0.1412966251373291 -4.541826128959656
1 5 -0.047046661376953125 -0.011960744857788086 0.1469707489013672 -0.10867786407470703 -0.020139694213867188 -0.008582592010498047 -0.019145488739013672
2 0 -0.005519866943359375 0.0043572187423706055 0.1743621826171875 -0.019013404846191406 0.011350393295288086 0.0034127235412597656 0.028327465057373047
3 2 0.006046772003173828 0.006547868251800537 0.05007743835449219 -0.01774311065673828 -0.010685563087463379 0.015054941177368164 0.012444496154785156
3 5 0.014505386352539062 -0.011335790157318115 -0.0001773834228515625 -0.020357131958007812 -0.0031321048736572266 0.008096933364868164 -0.03818655014038086
4 1 0.02840280532836914 0.006604552268981934 0.038204193115234375 0.07190823554992676 0.012472867965698242 0.015909790992736816 -0.01115405559539795
4 0 -0.08251142501831055 -0.08118027448654175 -0.01004791259765625 -0.036749839782714844 -0.06257486343383789 -0.15291881561279297 0.005128383636474609
5 4 0.2417755126953125 -0.03904521465301514 0.037723541259765625 -0.5253562927246094 -0.0406033992767334 -0.13019371032714844 0.03547209780663252
