0 0 0.06564044952392578 -0.05410414934158325 -0.19928359985351562 -0.538424015045166 -0.0911715030670166 -0.12655305862426758 -0.03615152835845947
0 0 15.856801986694336 0.21855980157852173 42.848976135253906 -0.42526817321777344 -0.06616592407226562 0.26445603370666504 -1.6902120113372803
1 1 0.0026955604553222656 0.03665566444396973 0.11600112915039062 -0.19754934310913086 -0.03851211071014404 0.10267186164855957 0.03821909427642822
1 0 21.906496047973633 0.2425069808959961 42.70055389404297 -0.21413183212280273 0.018133163452148438 0.36196792125701904 -1.400130271911621
1 2 -0.3989124298095703 -0.014441907405853271 -0.06345367431640625 -0.45466089248657227 -0.10657119750976562 -0.004003047943115234 0.1847238540649414
2 3 -0.022652149200439453 -0.016928911209106445 0.20481109619140625 -0.15157794952392578 -0.014418840408325195 -0.04178774356842041 -0.002049088478088379
3 1 0.04433488845825195 0.05756872892379761 -0.31446075439453125 -0.44768667221069336 -0.16518819332122803 0.11439156532287598 -0.009305834770202637
3 4 0.01661396026611328 -0.01821035146713257 0.15366744995117188 -0.020834922790527344 0.034183502197265625 -0.054262399673461914 -0.01054847240447998
3 0 0.08862495422363281 0.011417090892791748 0.43574047088623047 -0.2776761054992676 -0.11041116714477539 0.08423447608947754 0.1069878339767456
4 3 -0.050182342529296875 -0.018936216831207275 -0.46372222900390625 -0.6905913352966309 -0.12389135360717773 -0.05399656295776367 -0.005634188652038574
