0 2 0.04373931884765625 0.002118706703186035 -0.06544780731201172 -0.005598545074462891 0.010324835777282715 -0.0057839155197143555 -0.11612451076507568
1 0 0.0006494522094726562 0.013186097145080566 -0.10891342163085938 -0.04697823524475098 -0.023084044456481934 0.012725353240966797 0.010961413383483887
1 5 0.10248517990112305 -0.03659844398498535 0.3842010498046875 -0.7990922927856445 -0.07578921318054199 -0.12425065040588379 0.07613921165466309
1 0 24.554330825805664 0.16582584381103516 3.9899749755859375 0.9168431758880615 0.2542957067489624 0.29909515380859375 -4.451997518539429
2 4 -0.020978450775146484 -0.006719231605529785 0.0894775390625 0.10342288017272949 0.014890551567077637 -0.0014252662658691406 -0.03319656848907471
3 3 0.019698619842529297 -0.002146303653717041 0.09513282775878906 -0.0686960220336914 0.005140542984008789 -0.003955721855163574 0.015620708465576172
3 2 0.08305168151855469 -0.01249009370803833 0.23409175872802734 -0.016719818115234375 0.01078343391418457 -0.03733634948730469 0.06507408618927002
4 0 0.06571054458618164 0.00797426700592041 0.21702957153320312 -0.020357131958007812 0.032369256019592285 0.012566208839416504 0.03188061714172363
4 4 -0.12427234649658203 -0.0006826519966125488 -0.15615081787109375 -0.11074018478393555 -0.0018156766891479492 -0.017329692840576172 0.09366917610168457
5 1 0.10643768310546875 0.0037776827812194824 0.02014923095703125 -0.16772174835205078 -0.013814210891723633 -0.035042643547058105 0.020111016230657697
