0 5 -0.015522956848144531 -0.02625250816345215 -0.2586402893066406 -0.45169544219970703 -0.03671693801879883 -0.08796942234039307 -0.08700096607208252
0 0 10.820993423461914 0.15793371200561523 12.22195816040039 0.7640249729156494 0.25292694568634033 0.251839280128479 -3.4237593561410904
1 0 16.873550415039062 0.1825641393661499 12.071422576904297 0.9759972095489502 0.33787357807159424 0.3496580123901367 -3.1336075216531754
1 0 -0.04569053649902344 0.012919306755065918 -0.025745391845703125 -0.16432499885559082 -0.019867539405822754 0.047637939453125 0.033531442284584045
2 4 0.05050373077392578 -0.06694972515106201 0.2798500061035156 -0.056130409240722656 -0.0752263069152832 -0.13668882846832275 0.022537708282470703
2 3 -0.022792816162109375 -0.16218924522399902 0.4253273010253906 0.05088949203491211 -0.06352567672729492 -0.28912413120269775 0.011489152908325195
3 6 0.03474760055541992 -0.017602264881134033 0.2157154083251953 -0.08776569366455078 0.022408008575439453 -0.05870842933654785 0.009872674942016602
3 5 0.14126110076904297 0.010887503623962402 0.36910533905029297 -0.6072578430175781 -0.12519609928131104 -0.0550539493560791 0.14677393436431885
4 3 0.007793903350830078 0.020755767822265625 -0.13973617553710938 0.004470348358154297 0.04951596260070801 0.02541494369506836 0.0015777349472045898
4 4 0.014542102813720703 0.027729034423828125 -0.11283111572265625 0.012104034423828125 0.053267478942871094 0.015912294387817383 0.02602529525756836
5 1 0.024919509887695312 0.0007200837135314941 -0.01335906982421875 -0.06209135055541992 0.020583271980285645 0.0040476322174072266 0.01052713394165039
5 2 0.31316375732421875 0.025931060314178467 0.17609024047851562 -0.5682117938995361 -0.13495874404907227 0.03914296627044678 -6.237151384353638
