0 0 0.07072734832763672 -0.0089033842086792 -0.15463829040527344 -0.003765583038330078 0.014211654663085938 -0.029170989990234375 -0.07855618000030518
0 0 16.338359832763672 -0.08295273780822754 42.83391571044922 0.09811544418334961 -0.027411222457885742 -0.2482306957244873 -1.595076322555542
1 4 -0.04376935958862305 0.010581731796264648 0.041469573974609375 -0.03310871124267578 -0.00523066520690918 0.014980435371398926 -0.05380666255950928
1 0 20.559520721435547 -0.1040804386138916 42.78436279296875 0.11641120910644531 -0.029997587203979492 -0.19184720516204834 -1.3104829788208008
2 2 -0.027955055236816406 -0.005915045738220215 0.12633514404296875 -0.03914690017700195 -0.0012912750244140625 -0.018950223922729492 -0.01850724220275879
2 1 0.020611286163330078 -0.040903449058532715 0.16739273071289062 -0.5065007209777832 -0.02784264087677002 -0.15037322044372559 -0.013318657875061035
3 3 -0.0026292800903320312 0.0038039684295654297 0.0446929931640625 -0.04747939109802246 -0.006514310836791992 0.00412595272064209 0.0030486583709716797
3 0 0.09545040130615234 -0.044115543365478516 -0.24902725219726562 -0.13074588775634766 -0.1011664867401123 -0.08448195457458496 0.0936959981918335
4 1 -0.10358381271362305 0.00927668809890747 -0.0361480712890625 -0.10518312454223633 -0.01668083667755127 -0.0031889677047729492 0.03982269763946533
4 2 -0.07721328735351562 0.013756632804870605 -0.7459259033203125 -1.2058165073394775 -0.3055070638656616 0.004807472229003906 0.014964938163757324
