0 1 0.1192326545715332 -0.047724366188049316 -0.1287708282470703 -0.055020809173583984 -0.06348872184753418 -0.07891178131103516 -0.01704251766204834
0 0 19.795307159423828 0.2091360092163086 29.151226043701172 0.8123435974121094 0.1884598731994629 0.26497745513916016 -4.834291458129883
1 5 -0.024415016174316406 0.0019367337226867676 0.005748748779296875 -0.01040792465209961 -0.0017268657684326172 0.006426095962524414 0.007069945335388184
1 0 25.848060607910156 0.23350465297698975 29.000118255615234 1.0257701873779297 0.2741687297821045 0.36193740367889404 -4.541584491729736
2 2 -0.00173187255859375 0.005475521087646484 0.261444091796875 -0.14371824264526367 -0.0010755062103271484 0.0238724946975708 0.032598018646240234
3 0 0.030695438385009766 -0.0018148422241210938 0.03147125244140625 -0.060727834701538086 -0.00030040740966796875 -0.0016398429870605469 0.005307912826538086
3 1 0.03261852264404297 -0.022559285163879395 0.16119003295898438 -0.03708505630493164 -0.040932416915893555 -0.0257413387298584 0.021910786628723145
4 3 -0.005875587463378906 0.01365673542022705 -0.015453338623046875 -0.08482122421264648 -0.025659918785095215 0.05911707878112793 0.04186689853668213
4 2 -0.028803348541259766 0.04284590482711792 -0.2971649169921875 -0.41265225410461426 -0.1488208770751953 0.08149445056915283 0.03336060047149658
5 4 0.10559463500976562 -0.0024021267890930176 0.15044403076171875 -0.03726053237915039 -0.03555727005004883 -0.0007303953170776367 0.047126054763793945
