0 1 0.1941380500793457 0.055919647216796875 -0.37311553955078125 -0.4550948143005371 -0.15351247787475586 0.12759220600128174 -0.116097092628479
0 0 -2.349954605102539 0.17013102769851685 11.42258071899414 -0.37480878829956055 0.03359699249267578 0.12105953693389893 -3.2811898328363895
1 0 3.701204299926758 0.19528794288635254 11.27286148071289 -0.159454345703125 0.12119197845458984 0.21635067462921143 -2.9758049584925175
2 5 0.006435871124267578 -0.0021532177925109863 0.13602447509765625 -0.04518437385559082 0.00017011165618896484 0.007778763771057129 0.024598360061645508
2 6 0.05038881301879883 0.029597342014312744 0.3371772766113281 -0.2921426296234131 -0.06732940673828125 0.06489646434783936 0.05394852161407471
3 1 0.019180774688720703 0.01565396785736084 0.2004871368408203 -0.2990760803222656 -0.04871320724487305 0.04392588138580322 -0.009467244148254395
4 6 -0.062108516693115234 0.02351289987564087 -0.00370025634765625 -0.1806797981262207 -0.05504488945007324 0.0493236780166626 0.051868319511413574
4 3 -0.016638755798339844 0.0052176713943481445 0.025634765625 0.001779317855834961 -0.014353513717651367 0.013280272483825684 0.008595108985900879
5 2 0.08116912841796875 -0.008625984191894531 -0.0236053466796875 0.027953147888183594 0.03442692756652832 -0.020340800285339355 -0.021856237937754486
5 0 0.04206085205078125 -0.013157963752746582 0.013004302978515625 -0.0200347900390625 0.021837472915649414 -0.06027865409851074 0.04200214520096779
