0 4 0.14297866821289062 -0.019812703132629395 -0.3284263610839844 -0.04664039611816406 0.053472280502319336 -0.059647440910339355 -0.04654800891876221
0 0 8.710359573364258 0.14534395933151245 12.222217559814453 -0.3727288246154785 0.03564596176147461 0.11911594867706299 -2.888480395078659
1 3 -0.030697345733642578 -0.009992897510528564 0.12692642211914062 -0.06685781478881836 0.00539398193359375 -0.029040217399597168 -0.019529342651367188
1 0 14.763320922851562 0.16947191953659058 12.071117401123047 -0.1594386100769043 0.12118172645568848 0.21635258197784424 -2.5974840819835663
1 4 -0.0950918197631836 -0.013245105743408203 0.2109546661376953 -0.29842710494995117 -0.06777429580688477 -0.006315112113952637 -0.05585348606109619
2 2 0.04726076126098633 -0.004259288311004639 0.0098876953125 0.03253173828125 0.007726430892944336 0.00699007511138916 0.03228604793548584
3 4 0.042977333068847656 -0.00940030813217163 0.03627586364746094 -0.055945396423339844 -0.025362372398376465 0.026894688606262207 -0.03086841106414795
4 1 -0.023000717163085938 -0.004422128200531006 -0.0333404541015625 -0.035527706146240234 0.007658481597900391 -0.0033736228942871094 0.008739352226257324
4 2 -0.08837223052978516 -0.0156172513961792 -0.3031005859375 -0.17824101448059082 -0.009503602981567383 -0.02856290340423584 0.07266473770141602
5 0 0.2992668151855469 -0.07650643587112427 0.07209014892578125 -0.42133569717407227 0.0027923583984375 -0.19801807403564453 0.13939841091632843
