0 5 0.0809774398803711 -0.009002149105072021 -0.06626224517822266 -0.003032207489013672 0.02021658420562744 -0.02630794048309326 -0.09908187389373779
0 0 15.844717025756836 -0.06239902973175049 -11.648555755615234 -0.03642845153808594 -0.031159162521362305 -0.23917508125305176 -1.6909292936325073
1 2 -0.019155502319335938 0.008516252040863037 0.0026397705078125 -0.002750873565673828 -0.031076788902282715 0.01078188419342041 0.02753162384033203
1 3 -0.11197185516357422 0.003472745418548584 0.0823516845703125 -0.020084857940673828 -0.005079746246337891 -0.006588935852050781 0.005526542663574219
1 0 21.898788452148438 -0.03773874044418335 -11.800037384033203 0.17557287216186523 0.05358743667602539 -0.1412966251373291 -1.4014173746109009
2 0 0.1421966552734375 -0.04526931047439575 0.0801544189453125 -0.03047466278076172 -0.043609619140625 -0.05501401424407959 0.06388521194458008
3 4 0.028944969177246094 -0.0229032039642334 0.13886070251464844 -0.2940998077392578 -0.018972039222717285 -0.07632434368133545 -0.0017800331115722656
3 5 0.06901836395263672 -0.0150412917137146 0.2970619201660156 -0.016797542572021484 0.0012513399124145508 -0.0346832275390625 0.07375538349151611
4 1 -0.03630352020263672 -0.0070233941078186035 -0.045867919921875 -0.0432124137878418 0.006173372268676758 -0.011728763580322266 0.020064830780029297
4 0 -0.027540206909179688 -0.0009560585021972656 -0.1169891357421875 -0.011190414428710938 -0.019163846969604492 -0.029798507690429688 -0.007108211517333984
5 3 0.4260292053222656 -0.15458518266677856 -0.15216445922851562 0.28777647018432617 0.1236339807510376 -0.29635190963745117 -3.846814274787903
