0 0 19.883317947387695 0.23799818754196167 6.507194519042969 0.7227599620819092 0.2757829427719116 0.3302806615829468 -4.882687568664551
0 5 0.20652008056640625 0.009749889373779297 -0.12623977661132812 -0.028997421264648438 0.009656429290771484 -0.00987386703491211 6.2549707889556885
1 0 -0.028023719787597656 -0.004785597324371338 0.0278167724609375 0.00829458236694336 0.006266474723815918 0.012960314750671387 0.007223606109619141
1 0 25.885637283325195 0.21494507789611816 6.336082458496094 0.9759819507598877 0.33787667751312256 0.3496510982513428 -4.541662693023682
1 5 -0.3122272491455078 -0.02485126256942749 0.1180419921875 -0.5937695503234863 -0.05884730815887451 -0.11308205127716064 0.09603762626647949
2 4 0.029967308044433594 -0.041442930698394775 0.273468017578125 -0.5034513473510742 -0.06393289566040039 -0.09644889831542969 0.005311250686645508
2 2 0.02753162384033203 -0.016013264656066895 0.5101394653320312 -0.7208662033081055 -0.1229250431060791 -0.04798877239227295 -0.02166426181793213
3 1 -0.02142477035522461 -0.0053768157958984375 -0.0069026947021484375 0.024781465530395508 0.009790897369384766 0.008553147315979004 0.015498995780944824
4 2 -0.06914377212524414 -0.0004437565803527832 -0.177642822265625 -0.7430734634399414 -0.1359330415725708 -0.02739393711090088 0.04256725311279297
4 4 -0.03938484191894531 0.027621209621429443 -0.32205963134765625 -0.6685218811035156 -0.17782211303710938 0.07493841648101807 0.009682178497314453
5 6 0.010223388671875 0.006136894226074219 -0.027561187744140625 -0.05585956573486328 0.014483451843261719 0.016009926795959473 -0.07010436058044434
5 5 0.45214271545410156 0.006608724594116211 0.14842987060546875 -0.6668233871459961 -0.10598886013031006 -0.052837491035461426 -0.0018596649169921875
5 3 0.032466888427734375 -0.02785426378250122 -0.018535614013671875 -0.02653360366821289 0.02602362632751465 -0.06760835647583008 0.05080852657556534
