0 1 0.10794353485107422 -0.010615646839141846 -0.24237823486328125 -0.04093170166015625 -0.0016391277313232422 -0.02125692367553711 -0.10640931129455566
0 0 19.863740921020508 0.1657792329788208 4.042064666748047 -0.36571741104125977 0.029527664184570312 0.10567688941955566 -4.828033447265625
1 0 25.899761199951172 0.20122873783111572 3.898334503173828 -0.15934038162231445 0.12115979194641113 0.21677696704864502 -4.541253566741943
1 0 -0.06942939758300781 0.006728470325469971 -0.2537422180175781 -0.6354331970214844 -0.12000799179077148 -0.03940117359161377 0.006875276565551758
1 4 0.019130706787109375 -0.021023333072662354 -0.023956298828125 -0.002758502960205078 0.07487654685974121 -0.10106432437896729 0.1042635440826416
2 2 0.04185009002685547 -0.012016057968139648 0.25787353515625 -0.17173981666564941 0.011704087257385254 -0.0013306140899658203 0.03294873237609863
2 6 0.0288848876953125 -0.04938441514968872 0.261444091796875 0.043781280517578125 0.02355647087097168 -0.09715557098388672 0.03163158893585205
2 0 -0.12569952011108398 -0.020697414875030518 -0.2746009826660156 -0.33399105072021484 0.0027971267700195312 -0.11718153953552246 -0.10003817081451416
3 3 -0.02112722396850586 -0.0054795145988464355 -0.0073451995849609375 0.02436542510986328 0.009789586067199707 0.008397221565246582 0.01579606533050537
3 1 0.03406810760498047 -0.01984328031539917 0.15471267700195312 -0.03244733810424805 -0.009327411651611328 -0.031494975090026855 -0.03324544429779053
4 0 0.05445289611816406 -0.03879499435424805 0.3864097595214844 -0.5995430946350098 -0.053780436515808105 -0.1353684663772583 -0.021285176277160645
4 2 0.014142036437988281 0.00036215782165527344 -0.02513885498046875 0.0401461124420166 0.058905601501464844 -0.014820456504821777 0.024970054626464844
4 6 -0.05204200744628906 -0.006298422813415527 -0.16501617431640625 -0.012751579284667969 0.004251360893249512 -0.024950504302978516 0.05080091953277588
5 5 0.060367584228515625 0.012278079986572266 0.0010833740234375 0.03703451156616211 0.027596592903137207 0.030098795890808105 -6.280719995498657
5 4 0.2993602752685547 -0.007891476154327393 0.0857391357421875 -0.1534743309020996 0.018169879913330078 -0.05304670333862305 0.04446864128112793
