0 0 19.887475967407227 0.043201446533203125 0.30879974365234375 -0.03738546371459961 0.1255718469619751 -0.09985244274139404 -4.850590348243713
1 2 0.022714614868164062 0.003513813018798828 -0.027339935302734375 -0.025972843170166016 -0.003875255584716797 -0.006486415863037109 -0.02412557601928711
1 0 25.941545486450195 0.06786090135574341 0.15732574462890625 0.17461681365966797 0.2103201150894165 -0.0019807815551757812 -4.56106436252594
2 1 0.011498451232910156 0.0011491775512695312 0.16370391845703125 -0.1663656234741211 -0.017127394676208496 0.019087791442871094 0.04272305965423584
2 0 -0.06491661071777344 -0.14842623472213745 0.2806549072265625 0.17890167236328125 0.0907818078994751 -0.2609611749649048 -0.012597084045410156
3 3 0.023137569427490234 6.628036499023438e-05 -0.012935638427734375 -0.035109758377075195 0.002879023551940918 0.00987100601196289 0.033261775970458984
4 0 -0.01505136489868164 0.01140892505645752 -0.0089111328125 -0.00679779052734375 -0.0019134283065795898 0.022418737411499023 -0.009473443031311035
4 1 -0.06905221939086914 0.0206984281539917 -0.34630584716796875 -0.3610658645629883 -0.08324170112609863 0.0572582483291626 0.056356072425842285
5 2 -0.15184831619262695 -0.2138153314590454 0.18223190307617188 0.2386932373046875 -0.04439878463745117 -0.3994758129119873 0.0848914384841919
5 0 -0.12959766387939453 -0.15664899349212646 -0.045207977294921875 0.133544921875 0.11030375957489014 -0.34356069564819336 -0.189581036567688
