0 0 15.847631454467773 0.18420809507369995 -2.2679100036621094 -0.4265265464782715 -0.0669105052947998 0.26435208320617676 -1.691004991531372
1 4 -0.11004829406738281 -0.0018828511238098145 -0.0817108154296875 -0.059009552001953125 0.010142087936401367 -0.029366016387939453 -0.013633251190185547
1 1 0.012392044067382812 -0.009555816650390625 0.042133331298828125 -0.03033924102783203 -0.027580976486206055 -0.0248568058013916 -0.03935432434082031
1 0 22.083585739135742 0.2384425401687622 -2.4736099243164062 -0.3438096046447754 -0.009594917297363281 0.4280506372451782 -1.5966949462890625
2 2 0.015079498291015625 0.0030783414840698242 0.09839630126953125 -0.040135860443115234 0.0028476715087890625 0.00740361213684082 0.03630721569061279
2 3 0.1518726348876953 -0.061967432498931885 0.2313385009765625 -0.0504145622253418 -0.08345043659210205 -0.10931181907653809 0.06252658367156982
2 1 -0.12543296813964844 -0.20948803424835205 0.6938819885253906 0.19108963012695312 -0.02116680145263672 -0.38806021213531494 0.06870293617248535
4 0 -0.031726837158203125 -0.002807438373565674 -0.00201416015625 -0.02624988555908203 -0.007109642028808594 0.02429378032684326 -0.009682536125183105
4 3 -0.0626077651977539 -0.0009813308715820312 -0.14955902099609375 -0.005578041076660156 -0.009301900863647461 -0.029108047485351562 0.012021660804748535
5 0 -0.44950151443481445 -0.0002015829086303711 -0.20019912719726562 -1.189429521560669 -0.2768651247024536 -0.003989696502685547 -1.5901856422424316
