0 1 0.12200736999511719 -0.04784798622131348 -0.19100666046142578 -0.05525636672973633 -0.06415867805480957 -0.07180309295654297 -0.04871666431427002
0 0 -2.6751251220703125 0.21253907680511475 11.416988372802734 -0.427243709564209 -0.06818366050720215 0.2653120756149292 -3.2868075538426638
1 7 -0.04976844787597656 0.0025368928909301758 -0.013675689697265625 -0.019836902618408203 -3.457069396972656e-05 0.003933906555175781 0.011555790901184082
1 0 3.376279830932617 0.23828864097595215 11.266685485839844 -0.21423959732055664 0.0175936222076416 0.3628338575363159 -2.9876408744603395
1 2 -0.3467063903808594 -0.04294228553771973 -0.028545379638671875 -0.3901667594909668 -0.008271217346191406 -0.14180564880371094 -5.86044454574585
2 5 -0.005245208740234375 -0.0035300254821777344 0.0449371337890625 0.0015749931335449219 -0.008823394775390625 0.012340545654296875 0.021312475204467773
2 4 0.100982666015625 -0.013599276542663574 0.234405517578125 -0.005644798278808594 -0.0084991455078125 -0.03867602348327637 0.07320654392242432
2 3 -0.02875041961669922 -0.06850647926330566 0.3786201477050781 -0.599637508392334 -0.005736827850341797 -0.2156975269317627 -0.05618774890899658
3 6 -0.026874065399169922 -0.00012540817260742188 0.0230865478515625 0.017771244049072266 -0.004912137985229492 0.005939006805419922 0.0004425048828125
3 1 0.03135538101196289 -0.030597805976867676 0.2829437255859375 -0.04777669906616211 -0.04616832733154297 -0.04400002956390381 -0.075897216796875
4 3 -0.0710153579711914 0.003277719020843506 -0.07425689697265625 -0.081268310546875 -0.004459857940673828 -0.010146617889404297 0.0344160795211792
4 4 0.05965995788574219 -0.025129735469818115 -0.165008544921875 0.0017528533935546875 -0.06078076362609863 -0.09490275382995605 0.024190068244934082
4 5 -0.09888124465942383 -0.023572981357574463 -0.25203704833984375 -0.12569475173950195 0.04477405548095703 -0.03300905227661133 0.014447689056396484
5 0 0.3915596008300781 0.0017240643501281738 0.007274627685546875 -0.6088385581970215 -0.13126003742218018 -0.020326614379882812 0.033584488555788994
