0 0 0.14305925369262695 -0.11426973342895508 -0.5202045440673828 -0.10250520706176758 -0.11880910396575928 -0.1963735818862915 -0.14371931552886963
0 0 19.853309631347656 -0.055616021156311035 31.564517974853516 -0.03654909133911133 -0.03128838539123535 -0.23906207084655762 -4.833856105804443
1 3 0.005997180938720703 -0.00018912553787231445 0.007476806640625 -0.021257400512695312 0.002586960792541504 -0.004903435707092285 -0.020818352699279785
1 0 25.907203674316406 -0.03089284896850586 31.413036346435547 0.17557287216186523 0.05358743667602539 -0.1412966251373291 -4.543426275253296
2 4 -0.09233379364013672 -0.03884851932525635 0.31824493408203125 -0.8133835792541504 -0.13258635997772217 -0.09535086154937744 -0.028468728065490723
2 2 0.07168292999267578 -0.16843682527542114 0.31231689453125 0.054663658142089844 -0.08848011493682861 -0.24714696407318115 0.12709927558898926
2 1 0.09192180633544922 0.0020652413368225098 0.37105560302734375 -0.20078349113464355 -0.05267190933227539 0.004812359809875488 0.014040350914001465
3 0 0.039164066314697266 -0.007468581199645996 0.09180831909179688 -0.013364791870117188 -0.013380289077758789 -0.017231225967407227 -0.0016789436340332031
4 4 -0.030655860900878906 -0.0011923909187316895 -0.038188934326171875 -0.11060190200805664 -0.02010798454284668 -0.00084686279296875 -0.013682246208190918
4 2 -0.012200355529785156 -0.0028058290481567383 -0.09159469604492188 -0.022618770599365234 0.0032050609588623047 -0.005856037139892578 0.028278589248657227
4 1 -0.021584510803222656 0.02340322732925415 -0.01522064208984375 -0.0026378631591796875 -0.016643166542053223 0.005535006523132324 0.014611363410949707
