0 2 0.026747703552246094 -0.019963562488555908 -0.22597885131835938 -0.3860912322998047 -0.029398560523986816 -0.0653160810470581 -0.09116148948669434
0 0 2.85198974609375 0.18338608741760254 15.200851440429688 -0.2944655418395996 -0.058991432189941406 0.26051950454711914 -6.319819688796997
1 0 8.391853332519531 0.22129732370376587 15.315349578857422 -0.21413135528564453 0.018134355545043945 0.36196792125701904 -6.111219167709351
1 0 -0.3778057098388672 0.005909860134124756 -0.08469390869140625 -0.2274031639099121 -0.06661391258239746 0.020168066024780273 -6.12078332901001
2 4 0.04866218566894531 -0.010859549045562744 0.32773590087890625 -0.3021564483642578 -0.07150697708129883 0.05389690399169922 0.02978694438934326
2 3 -0.004240512847900391 -0.043538033962249756 0.3289070129394531 -0.340728759765625 0.014362335205078125 -0.17611265182495117 0.004698991775512695
3 1 -0.039246559143066406 -0.0023879408836364746 0.042285919189453125 -0.00791621208190918 0.028194308280944824 0.008020997047424316 -0.005339622497558594
3 2 0.1429281234741211 0.02298492193222046 0.5152530670166016 -0.7001552581787109 -0.109153151512146 -0.0775458812713623 0.3092169761657715
4 3 -0.04146862030029297 0.002007126808166504 0.02005767822265625 -0.33184337615966797 -0.07182478904724121 -0.020145297050476074 0.01748335361480713
4 4 -0.05569744110107422 -0.017280936241149902 -0.30698394775390625 -0.44186878204345703 -0.07476687431335449 -0.04179990291595459 -0.013703465461730957
