0 0 -0.12635040283203125 -0.04475116729736328 -68.13648406136781 -0.8998498916625977 -0.03763294219970703 -0.1982581615447998 0.05504333972930908
0 5 0.13351726531982422 -0.00861424207687378 -0.27121829986572266 -0.08940744400024414 -0.004456758499145508 -0.0014497041702270508 -0.11857461929321289
0 0 15.847135543823242 0.17706048488616943 -13.520050048828125 -0.3708620071411133 0.03664588928222656 0.11867737770080566 -1.6893582344055176
1 0 21.8979434967041 0.20118123292922974 -13.670154571533203 -0.15944480895996094 0.12117767333984375 0.21634602546691895 -1.4001212120056152
1 1 -0.34942626953125 -0.009745299816131592 -0.08793258666992188 -0.30745887756347656 -0.07904458045959473 0.01427304744720459 -6.141410827636719
2 0 0.0631246566772461 0.00034171342849731445 0.36098480224609375 -0.6992020606994629 -0.1371440887451172 -0.058307528495788574 0.1607762575149536
3 5 0.03594350814819336 0.009451508522033691 -0.0021200180053710938 0.06884551048278809 -0.024832725524902344 0.027850866317749023 0.0007203817367553711
3 0 0.1613016128540039 -0.044754624366760254 -68.1402272535488 -1.0072495937347412 -0.06357216835021973 -0.18905699253082275 0.4816650152206421
4 3 0.0030975341796875 -0.0022820234298706055 -0.01197052001953125 -0.023930072784423828 -0.004301309585571289 0.01862812042236328 0.0045174360275268555
4 0 0.05901527404785156 -0.016955256462097168 -0.2035675048828125 0.004990100860595703 0.025922298431396484 -0.08495688438415527 -0.004455924034118652
5 4 0.4311389923095703 0.010335206985473633 0.09851837158203125 -0.907984733581543 -0.22232842445373535 0.0197068452835083 -6.2770750522613525
5 2 0.05248260498046875 -0.0011423826217651367 0.03014373779296875 0.01463460922241211 0.030745387077331543 0.013677477836608887 -0.0002881198888644576
