0 0 0.11970663070678711 0.004293620586395264 -0.40294456481933594 -0.03153657913208008 -0.027434110641479492 0.0077495574951171875 -0.13498640060424805
0 0 19.790945053100586 0.2082027792930603 34.27760314941406 0.8152456283569336 0.19021010398864746 0.26332175731658936 -4.832901239395142
1 4 -0.06837844848632812 -0.010976195335388184 0.0608978271484375 0.0190582275390625 -0.0016813278198242188 -0.011911869049072266 -0.4871947765350342
1 0 25.84599494934082 0.23351901769638062 34.125850677490234 1.0258455276489258 0.2741973400115967 0.3619421720504761 -4.54507303237915
2 2 -0.02197265625 0.002449214458465576 0.09183502197265625 -0.041613101959228516 -0.003877401351928711 0.008183836936950684 0.009670019149780273
2 1 0.06024789810180664 -0.14699888229370117 0.5658798217773438 0.026413440704345703 0.08990466594696045 -0.3012129068374634 -0.15373766422271729
3 3 0.019954681396484375 0.0017697811126708984 0.0001850128173828125 -0.020949602127075195 0.0004916191101074219 0.005698680877685547 0.031024813652038574
3 0 0.013370990753173828 -0.0014794468879699707 0.05087471008300781 -0.023449420928955078 -0.01483297348022461 0.0023849010467529297 0.015586614608764648
4 1 0.04964780807495117 -0.0003413558006286621 0.06749343872070312 -0.04497528076171875 -0.0034574270248413086 -0.011105179786682129 -0.028843998908996582
4 2 -0.02646780014038086 -0.013645410537719727 -0.27562713623046875 -0.0175323486328125 0.04015815258026123 -0.021240949630737305 -0.10785305500030518
