0 0 15.008951187133789 0.13300710916519165 21.41909408569336 -0.35720252990722656 0.0339200496673584 0.10288631916046143 -1.3690965175628662
1 1 -0.046695709228515625 0.008854866027832031 0.03678131103515625 -0.03869485855102539 -0.027598023414611816 0.01437997817993164 -0.013547301292419434
1 0 0.06780242919921875 -0.005983471870422363 0.3119049072265625 -0.2732057571411133 -0.02873361110687256 -0.04555809497833252 -0.0740891695022583
1 0 21.055280685424805 0.16756677627563477 21.28244400024414 -0.15831899642944336 0.12123537063598633 0.21696865558624268 -1.0763323307037354
2 3 0.024521827697753906 -0.0006312727928161621 0.08953857421875 -0.03951883316040039 -0.006322979927062988 0.001265883445739746 0.012196898460388184
2 2 0.027705669403076172 -0.08617746829986572 0.3428688049316406 -0.008359909057617188 -0.051897287368774414 -0.17643165588378906 -0.03192555904388428
3 4 0.036841392517089844 -0.0241241455078125 0.19029998779296875 -0.2976264953613281 -0.03232121467590332 -0.07003986835479736 -0.0010368824005126953
3 0 -0.059159278869628906 -0.008018732070922852 -0.41117095947265625 -0.09017467498779297 -0.015707731246948242 -0.007211565971374512 0.0929189920425415
4 2 0.05060434341430664 0.03234231472015381 -0.12768173217773438 0.027798175811767578 0.06835675239562988 0.048192739486694336 0.019864201545715332
4 3 -0.06852102279663086 -8.940696716308594e-07 -0.38559722900390625 -0.1710066795349121 -0.03704094886779785 -0.01013195514678955 -0.03316235542297363
5 2 0.014575481414794922 -0.13189834356307983 -0.29184722900390625 0.008254051208496094 -0.12204790115356445 -0.20685255527496338 0.0008654594421386719
