0 0 0.07656478881835938 -0.008206427097320557 -0.08562850952148438 -0.0018897056579589844 0.021503448486328125 -0.02975606918334961 -0.09419167041778564
1 3 -0.010370254516601562 -0.008211970329284668 0.016448974609375 0.024192094802856445 0.022432684898376465 0.009939312934875488 -0.007201433181762695
1 0 21.90631866455078 0.06829053163528442 41.515804290771484 0.1746077537536621 0.2103201150894165 -0.0019807815551757812 -1.4001171588897705
1 1 -0.19178438186645508 0.013086855411529541 -0.14754486083984375 -0.11804914474487305 -0.017966270446777344 0.01397705078125 0.06824851036071777
2 2 0.00953054428100586 0.004911184310913086 0.216339111328125 -0.24549627304077148 -0.03405177593231201 0.027195334434509277 0.04511713981628418
3 4 0.029317855834960938 0.00017714500427246094 0.02429962158203125 0.019151687622070312 0.00215911865234375 0.008644342422485352 -0.008383750915527344
3 0 0.06984519958496094 -0.014886558055877686 0.30501461029052734 -0.022658824920654297 -0.0009777545928955078 -0.03245985507965088 0.07311999797821045
4 2 0.028443336486816406 0.05035138130187988 -0.2532501220703125 -0.22079157829284668 -0.12396883964538574 0.10541689395904541 -0.11714422702789307
4 3 -0.19214773178100586 -0.0052487850189208984 0.040679931640625 0.24263310432434082 0.08450853824615479 0.031131505966186523 -0.2658895254135132
5 5 0.13938140869140625 0.022131800651550293 -0.00102996826171875 -0.1785268783569336 -0.021509170532226562 0.0307844877243042 0.0282274123019306
5 1 0.09676122665405273 -0.1368160843849182 -0.18492507934570312 0.2547283172607422 0.09936249256134033 -0.27830970287323 -1.1230069249868393
