0 4 0.018873214721679688 -0.008964002132415771 0.05649375915527344 -0.002708911895751953 0.011528253555297852 -0.0012822151184082031 -0.02001786231994629
0 0 19.792980194091797 0.19919639825820923 30.121360778808594 0.8117160797119141 0.1881396770477295 0.26510560512542725 -4.833997964859009
1 5 -0.0068950653076171875 0.0016114115715026855 0.07841873168945312 0.004638195037841797 -0.0038019418716430664 0.005944013595581055 -0.008968472480773926
1 3 -0.004408836364746094 -0.050285518169403076 0.09567642211914062 0.029538631439208984 0.0016199350357055664 -0.043819427490234375 0.01746976375579834
1 0 25.8453426361084 0.22310984134674072 29.970783233642578 1.0257740020751953 0.2741882801055908 0.36191844940185547 -4.541689872741699
2 1 0.018397808074951172 0.005592703819274902 0.04462432861328125 -0.013489961624145508 -0.013116121292114258 0.007474064826965332 0.031855225563049316
3 0 0.031209945678710938 -0.010294079780578613 0.031890869140625 -0.03768563270568848 0.0023947954177856445 0.0015060901641845703 0.0013058185577392578
3 3 0.031653404235839844 0.0069928765296936035 -0.05283164978027344 -0.06905984878540039 0.004901766777038574 0.010711669921875 -0.0077582597732543945
3 4 0.08255195617675781 -0.00943070650100708 0.24472332000732422 -0.30998897552490234 -0.06180417537689209 -0.019888758659362793 0.07218313217163086
5 2 0.10947799682617188 -0.011069059371948242 -0.006137847900390625 -0.09367561340332031 0.0014166831970214844 -0.023824691772460938 0.07980037160450593
