0 0 -11.798952102661133 0.21682655811309814 15.466289520263672 -0.42708826065063477 -0.0681924819946289 0.26516401767730713 -0.1298379898071289
0 2 -0.42571258544921875 -0.13853216171264648 -0.5438880920410156 0.13649797439575195 0.1132432222366333 -0.260117769241333 -0.18759125471115112
1 0 -5.747398376464844 0.24252629280090332 15.316326141357422 -0.21413135528564453 0.018134117126464844 0.3619680404663086 0.17043471336364746
1 2 -0.19215869903564453 -0.024118900299072266 -0.14381027221679688 -0.07413434982299805 -0.011545658111572266 -0.006547808647155762 0.06869566440582275
1 5 -0.2937889099121094 -0.006488442420959473 0.10213470458984375 -0.5697612762451172 -0.07818281650543213 -0.0981287956237793 1.5545436143875122
2 4 -0.0012941360473632812 -0.001160740852355957 0.6139068603515625 -1.133059024810791 -0.2625049352645874 -0.015460491180419922 0.07545185089111328
2 2 -0.01554107666015625 -0.14851629734039307 0.14614105224609375 0.1062169075012207 0.10685241222381592 -0.31000232696533203 -0.576006680727005
3 1 -0.011158466339111328 -0.0015376806259155273 0.05626678466796875 -0.04681563377380371 -0.0028542280197143555 0.006207466125488281 -0.003290534019470215
4 3 0.012120246887207031 -0.008096754550933838 -0.06476593017578125 -0.06307148933410645 0.025997281074523926 -0.0035132169723510742 0.039839982986450195
4 4 0.009957313537597656 -0.016878843307495117 -0.308074951171875 -0.28829526901245117 -0.03082275390625 -0.08437514305114746 -0.007477760314941406
5 0 0.3697357177734375 0.0015032291412353516 0.05297088623046875 -0.7039923667907715 -0.17831456661224365 0.008493900299072266 -0.1111459732055664
