0 0 0.19764137268066406 0.02775353193283081 0.20391845703125 0.11422872543334961 0.022263050079345703 0.05703592300415039 0.03625750541687012
0 3 0.12973833084106445 -0.03145664930343628 -0.4597187042236328 -0.061179161071777344 0.019889235496520996 -0.0638655424118042 -0.1601492166519165
0 0 -0.4660758972167969 0.2028367519378662 15.467182159423828 -0.4270615577697754 -0.0675356388092041 0.2649106979370117 -6.408334970474243
1 0 5.586578369140625 0.22787779569625854 15.315776824951172 -0.21413135528564453 0.018134355545043945 0.3619680404663086 -6.1123340129852295
2 1 -0.013735771179199219 -0.00987023115158081 0.20821380615234375 -0.16849231719970703 -0.026255130767822266 -0.025331974029541016 0.015574097633361816
2 4 -0.08382797241210938 -0.041368305683135986 0.20767974853515625 0.0797874927520752 0.1052623987197876 -0.05435788631439209 -0.04681694507598877
3 2 0.01051187515258789 -0.00478971004486084 -0.00717926025390625 -0.03811216354370117 0.0007507801055908203 -0.006103038787841797 0.01341545581817627
3 3 -0.0024576187133789062 -0.026042401790618896 0.12689208984375 0.05265474319458008 0.011418461799621582 -0.05135154724121094 0.02789473533630371
4 4 0.01823139190673828 -0.0005949139595031738 0.041194915771484375 0.011359453201293945 0.009135246276855469 0.011296510696411133 0.008540153503417969
5 0 0.5657291412353516 0.0023505091667175293 0.14666748046875 -1.051119089126587 -0.24792850017547607 -0.003179311752319336 -6.269183158874512
