0 0 0.05042076110839844 0.030212879180908203 -0.05156707763671875 -0.031598806381225586 0.016173720359802246 0.024157047271728516 -0.09956419467926025
0 0 15.910602569580078 0.2088017463684082 35.950889587402344 0.8137621879577637 0.18941807746887207 0.26406919956207275 -1.6896681785583496
1 3 -0.031003475189208984 0.004288315773010254 -0.0301055908203125 0.0007119178771972656 -0.0014884471893310547 0.009459137916564941 -0.033362627029418945
1 4 -0.028075218200683594 0.003388702869415283 -0.037872314453125 -0.0011973381042480469 -0.009548544883728027 0.01376485824584961 0.013124346733093262
1 0 21.964481353759766 0.23343205451965332 35.79951858520508 1.0257086753845215 0.274045467376709 0.36202943325042725 -1.4006726741790771
1 1 -0.020560264587402344 -0.021596968173980713 0.16665077209472656 -0.19761276245117188 -0.018447399139404297 -0.014189481735229492 0.0027022361755371094
2 4 0.10259723663330078 -0.14317423105239868 0.39780426025390625 0.05579185485839844 0.08596670627593994 -0.3037276268005371 0.026027560234069824
3 1 0.051878929138183594 -0.02002584934234619 0.0128936767578125 0.005568981170654297 -0.009891629219055176 0.007146954536437988 -0.03358578681945801
3 0 0.032802581787109375 0.0038956403732299805 0.2044391632080078 -0.1470320224761963 -0.04212844371795654 -0.008831143379211426 0.1290053129196167
4 4 0.0931859016418457 -0.11138087511062622 0.5208511352539062 0.0012555122375488281 0.006014227867126465 -0.21688294410705566 -0.01771390438079834
5 2 0.2348461151123047 0.009306073188781738 0.0349273681640625 -0.3160567283630371 -0.05569744110107422 0.001179814338684082 0.021325349807739258
