0 0 0.43451690673828125 0.05235344171524048 -42.90059730038047 -0.3914947509765625 -0.11230206489562988 0.15873944759368896 -4.069387316703796
0 0 16.037925720214844 0.24023818969726562 11.680011749267578 0.26450395584106445 0.03765058517456055 0.3957822322845459 -5.786903619766235
1 0 22.08612823486328 0.2634961009025574 11.530834197998047 0.4741220474243164 0.12118196487426758 0.49454188346862793 -5.494743585586548
1 0 -0.0706329345703125 0.020442068576812744 -0.13875198364257812 0.037410736083984375 -0.0018639564514160156 0.05130970478057861 -0.012401342391967773
2 1 -0.023370742797851562 -0.0381932258605957 0.07282257080078125 0.21523523330688477 0.08924722671508789 -0.07302367687225342 0.03230595588684082
2 2 -0.00821828842163086 0.007806360721588135 -0.0001678466796875 0.02173900604248047 0.009646058082580566 0.024687767028808594 0.01233375072479248
3 0 0.4108304977416992 0.044000327587127686 -42.85513320565224 -0.47464442253112793 -0.14191484451293945 0.12649083137512207 -3.987545132637024
4 3 0.030645370483398438 0.02120065689086914 -0.0936431884765625 -0.02567434310913086 0.027562379837036133 0.019710063934326172 -0.010132789611816406
4 1 -0.11100196838378906 -0.005402326583862305 -0.29497528076171875 -0.1291959285736084 -0.03590869903564453 -0.018630385398864746 0.09409809112548828
4 2 -0.10182523727416992 -0.1009073257446289 -0.5530548095703125 -0.3354511260986328 -0.010424971580505371 -0.26026105880737305 0.06441771984100342
