0 0 4.226892471313477 -0.05656558275222778 -39.36733990907669 -0.9082164764404297 -0.08149933815002441 -0.15829718112945557 -3.1527074575424194
0 5 0.0596470832824707 -0.013474643230438232 -0.2521018981933594 -0.0079193115234375 0.010266780853271484 -0.020896434783935547 -0.08090579509735107
0 0 19.8477840423584 0.17615371942520142 14.88399887084961 -0.37215185165405273 0.03567218780517578 0.11928772926330566 -4.838812351226807
1 3 -0.019376277923583984 -0.001538097858428955 0.017059326171875 -0.019945144653320312 0.005044698715209961 0.011736512184143066 0.00924372673034668
1 0 -0.03600883483886719 -0.016136109828948975 0.19956207275390625 -0.1712355613708496 -0.00906825065612793 -0.046563029289245605 -0.02834641933441162
1 0 25.901531219482422 0.20126229524612427 14.73202133178711 -0.1594538688659668 0.12118768692016602 0.2163468599319458 -4.5422773361206055
3 2 -0.004473209381103516 -0.0034579038619995117 0.051788330078125 -0.048781394958496094 0.0007177591323852539 0.005161285400390625 0.0031495094299316406
3 5 0.026943683624267578 -0.04345661401748657 0.1095123291015625 0.048272132873535156 0.013603568077087402 -0.08292102813720703 -0.015430808067321777
4 1 -0.0028219223022460938 -0.0030817389488220215 -0.01880645751953125 -0.026964664459228516 -0.005039691925048828 0.019145488739013672 0.005446672439575195
5 4 0.22597312927246094 -0.00928950309753418 -0.00705718994140625 -0.20708942413330078 0.004233121871948242 -0.07852733135223389 0.05949742750090081
5 1 -0.4530205726623535 -0.009740889072418213 0.06266021728515625 -1.0965392589569092 -0.25332748889923096 -0.024139046669006348 -1.578436017036438
