0 5 0.055199623107910156 0.011837303638458252 0.015775680541992188 0.023598194122314453 0.03878045082092285 -0.03467702865600586 -0.0593639612197876
0 2 0.18004560470581055 0.025238394737243652 -0.4191112518310547 -0.3811004161834717 -0.07501876354217529 0.05148494243621826 -0.13718760013580322
0 0 15.806303024291992 0.1419101357460022 10.751445770263672 -0.3718533515930176 0.03518223762512207 0.1191633939743042 -1.7029058933258057
1 4 -0.04268836975097656 -0.002065420150756836 0.031208038330078125 -0.004283905029296875 -0.002528667449951172 -0.007700443267822266 -0.04329836368560791
1 0 -0.04799079895019531 0.0015812516212463379 0.17048263549804688 -0.04489612579345703 -0.03314709663391113 0.01581120491027832 -0.03965342044830322
1 0 21.858369827270508 0.16692346334457397 10.601318359375 -0.1579732894897461 0.12160420417785645 0.21574831008911133 -1.4058477878570557
1 3 -0.2621955871582031 -0.06300622224807739 0.020294189453125 -0.014484405517578125 0.014104008674621582 -0.11684608459472656 -0.041937828063964844
2 1 -0.02532482147216797 -0.001294255256652832 0.16603851318359375 -0.12308979034423828 -0.012771368026733398 0.0027467012405395508 0.014081716537475586
3 2 -0.0036258697509765625 0.00023156404495239258 0.02608489990234375 -0.017786026000976562 0.004843235015869141 0.0023148059844970703 0.002328634262084961
3 5 0.05950927734375 -0.009697020053863525 0.09096527099609375 -0.003826141357421875 0.011881828308105469 -0.013634681701660156 0.02670133113861084
4 1 -0.0417332649230957 0.049199581146240234 -0.37067413330078125 -0.4181063175201416 -0.15580534934997559 0.10610783100128174 -0.030820608139038086
5 0 31.188201904296875 -0.12125933170318604 -0.7381134033203125 -0.4080233573913574 0.07602143287658691 -0.23198366165161133 1.5124070383608341
5 0 -0.14365768432617188 -0.013507664203643799 0.8893013000488281 -0.16277742385864258 0.012511491775512695 -0.07207703590393066 0.16578257083892822
