0 3 -0.22165298461914062 -0.08537429571151733 -0.09171295166015625 0.126495361328125 0.004010438919067383 -0.13676106929779053 -0.06305193901062012
0 0 8.510431289672852 0.14448267221450806 11.464309692382812 -0.37471723556518555 0.032912492752075195 0.12120580673217773 -3.279722232349741
1 0 14.556934356689453 0.1698448657989502 11.317985534667969 -0.15942859649658203 0.12120366096496582 0.21632683277130127 -2.971124429233896
1 1 0.17809820175170898 -0.07269519567489624 0.2597846984863281 -0.009025096893310547 -0.07279109954833984 -0.12160944938659668 -0.6628062129020691
1 3 -0.9026641845703125 -0.0857648253440857 0.042118072509765625 -0.07340288162231445 -0.0929563045501709 -0.14970993995666504 -6.168937683105469
1 0 -0.3135824203491211 0.05290782451629639 0.08412551879882812 -0.6591596603393555 -0.1639186143875122 0.04975771903991699 0.0631977282682783
2 4 0.039319515228271484 -0.020303666591644287 -0.046604156494140625 0.1546764373779297 0.05515122413635254 -0.021499276161193848 0.02446305751800537
3 1 -0.005537509918212891 -0.016620993614196777 -0.1778106689453125 0.029741764068603516 0.008581876754760742 -0.02820456027984619 0.005065798759460449
4 2 -0.009532928466796875 0.012105226516723633 -0.043582916259765625 -0.11507654190063477 -0.012974262237548828 0.048500657081604004 0.053351640701293945
4 4 -0.14230680465698242 -0.0017841458320617676 -0.2100982666015625 -0.15619778633117676 -0.018213987350463867 -0.021573543548583984 0.11721086502075195
5 5 0.189727783203125 0.036311328411102295 0.08231735229492188 -0.3545684814453125 -0.08576428890228271 0.05282127857208252 -0.0032281642634188756
5 3 0.10733604431152344 -0.06231653690338135 0.15137863159179688 0.01493692398071289 -0.012794017791748047 -0.09978675842285156 -6.249249458312988
