0 0 0.05944633483886719 0.01361846923828125 -0.03894615173339844 -0.01938629150390625 -0.015076756477355957 0.016467809677124023 -0.0900266170501709
0 4 0.07221603393554688 -0.013606011867523193 -0.48696136474609375 -0.6796727180480957 -0.09626805782318115 -0.0759354829788208 -0.01529073715209961
0 0 15.94839859008789 0.20099496841430664 35.301177978515625 0.9285554885864258 0.17607641220092773 0.30869007110595703 -1.746379017829895
1 2 -0.010993003845214844 0.00019681453704833984 -0.005168914794921875 0.010436058044433594 -0.01753520965576172 0.01133739948272705 0.021396160125732422
1 4 -0.3342571258544922 -0.0573345422744751 -0.033786773681640625 -1.0405833721160889 -0.15048003196716309 -0.1543900966644287 -0.20489120483398438
1 0 21.92034339904785 0.316717267036438 34.99931716918945 0.8521027565002441 0.24586033821105957 0.5234295129776001 -1.5776106119155884
2 3 -0.0520787239074707 -0.01345449686050415 0.14655685424804688 0.05787181854248047 0.03895735740661621 -0.003180980682373047 -0.030790209770202637
2 1 0.08085918426513672 -0.035970866680145264 0.26093292236328125 -0.003597736358642578 0.02059495449066162 -0.09395849704742432 0.05869293212890625
3 0 0.1127176284790039 -0.001934826374053955 0.2630157470703125 -0.20137977600097656 -0.05153846740722656 -0.0011578798294067383 0.11959147453308105
4 3 -0.05394887924194336 -0.011590063571929932 -0.1682891845703125 -0.11736488342285156 0.021181702613830566 -0.017390847206115723 -0.0025414228439331055
4 1 0.024593353271484375 0.010335743427276611 -0.0019378662109375 -0.016954421997070312 0.01701796054840088 -0.034187912940979004 0.07821440696716309
