0 0 19.961477279663086 0.1761181354522705 -15.682014465332031 -0.37149953842163086 0.036368370056152344 0.11855006217956543 -4.832381844520569
0 2 0.18075942993164062 -0.043759942054748535 -0.4454975128173828 -0.09823322296142578 0.01910710334777832 -0.08986425399780273 -0.1332641839981079
1 3 -0.04782247543334961 0.012491226196289062 -0.0303497314453125 0.013612747192382812 0.008207082748413086 0.014246702194213867 0.03863406181335449
1 0 26.015663146972656 0.20087039470672607 -15.833599090576172 -0.1594400405883789 0.12119436264038086 0.2163468599319458 -4.542070984840393
2 0 -0.04178476333618164 -0.007292449474334717 0.03664398193359375 -0.0536494255065918 -0.002900838851928711 -0.013215780258178711 -0.008703351020812988
2 5 0.08252525329589844 -0.1305983066558838 0.15539932250976562 0.008215904235839844 -0.10095131397247314 -0.17245233058929443 0.08880019187927246
3 4 0.013445377349853516 -0.015446245670318604 0.09433364868164062 0.011672019958496094 0.042246341705322266 -0.04998469352722168 -0.011389851570129395
3 2 -0.01548910140991211 -0.010946094989776611 0.04406166076660156 0.0025463104248046875 -0.002279996871948242 -0.025411248207092285 0.007002115249633789
4 5 -0.0038776397705078125 -0.0006371736526489258 -0.08014297485351562 -0.024983882904052734 0.010147333145141602 0.008861064910888672 0.011976957321166992
4 0 -0.13362884521484375 0.009101390838623047 -0.40973663330078125 -0.6266107559204102 -0.10115301609039307 -0.05767524242401123 0.06347095966339111
5 1 0.10791206359863281 -0.011539816856384277 -0.026737213134765625 -0.013098716735839844 0.023812532424926758 -0.04453468322753906 0.0024582028490840457
