0 3 0.012856483459472656 0.006289303302764893 -0.06769657135009766 -0.022475242614746094 -0.006850123405456543 0.0271759033203125 -0.06600236892700195
0 1 0.1957392692565918 0.05643075704574585 -0.6677055358886719 -0.4282705783843994 -0.1244349479675293 0.11555159091949463 -0.16504371166229248
0 2 0.11669158935546875 0.0022579431533813477 -0.3480415344238281 -0.024880409240722656 0.0025370121002197266 0.006521463394165039 -0.1536872386932373
0 0 19.847360610961914 0.26984941959381104 12.597206115722656 0.26204633712768555 0.03634905815124512 0.3967273235321045 -4.831571578979492
1 0 -0.034596920013427734 0.005994975566864014 0.03549957275390625 -0.039272308349609375 -0.001600027084350586 0.008507251739501953 -0.036600351333618164
1 0 25.901214599609375 0.29453617334365845 12.445796966552734 0.4741249084472656 0.12118148803710938 0.49454402923583984 -4.541722536087036
2 4 0.1280689239501953 -0.07123368978500366 0.075531005859375 -0.025085926055908203 -0.07090449333190918 -0.11895585060119629 0.06932270526885986
3 1 0.01956653594970703 0.00037294626235961914 0.0442047119140625 -0.03612184524536133 0.004149198532104492 0.0007644891738891602 0.010770440101623535
3 2 0.013681411743164062 0.0014029741287231445 0.011514663696289062 0.016894102096557617 0.007099509239196777 0.003143787384033203 -0.024381637573242188
3 3 0.08100509643554688 0.0031998753547668457 0.27004528045654297 -0.17735767364501953 -0.046456217765808105 0.002421259880065918 0.04502987861633301
4 4 -0.043990135192871094 -0.017588496208190918 -0.1703948974609375 -0.031565189361572266 -0.02332615852355957 -0.033234596252441406 0.02220165729522705
