0 4 0.13237762451171875 -0.0032970309257507324 -0.2496051788330078 -0.4514784812927246 -0.015564918518066406 -0.0015414953231811523 -0.06457602977752686
0 0 15.676666259765625 0.2439800500869751 31.212940216064453 0.26212167739868164 0.03643226623535156 0.39667201042175293 -1.6788605451583862
1 0 21.730735778808594 0.26864099502563477 31.061473846435547 0.4741249084472656 0.12118172645568848 0.4945441484451294 -1.3893345594406128
1 3 -0.02267169952392578 -0.012912392616271973 -0.3408393859863281 0.014688491821289062 0.007304668426513672 -0.01588892936706543 -0.011522650718688965
2 2 -0.02409505844116211 -0.028667330741882324 0.2657012939453125 -0.41930246353149414 -0.05466294288635254 -0.0879589319229126 -0.0049610137939453125
3 0 0.025165557861328125 -0.008506834506988525 0.10449028015136719 -0.16080808639526367 -0.06631720066070557 0.03844618797302246 -0.008970975875854492
3 1 0.031310081481933594 -0.030235111713409424 0.19980239868164062 -0.22398090362548828 0.012039422988891602 -0.09090733528137207 0.0035028457641601562
3 4 0.07626533508300781 0.017232120037078857 0.2810401916503906 -0.3621706962585449 -0.08520996570587158 0.06675708293914795 0.049236416816711426
4 2 0.007817268371582031 0.014119923114776611 -0.5605087280273438 -0.9865727424621582 -0.24661695957183838 0.013314127922058105 -0.028660178184509277
4 3 0.11053991317749023 -0.02010047435760498 0.4518547058105469 -0.03637886047363281 -0.007267951965332031 -0.05865764617919922 -0.02372574806213379
