0 0 0.030055999755859375 0.004474341869354248 -0.17797183990478516 -0.15441012382507324 0.015719890594482422 -0.005431532859802246 -0.10298359394073486
0 1 -0.07497787475585938 -0.15756845474243164 0.1772003173828125 0.4935317039489746 0.10357379913330078 -0.30696797370910645 2.789347045123577
1 4 0.038926124572753906 0.01106184720993042 0.35009765625 -0.3802053928375244 -0.057188987731933594 0.07686793804168701 0.4182356595993042
1 0 21.765121459960938 0.2227303385734558 39.067806243896484 0.975996732711792 0.33787357807159424 0.3496577739715576 -1.4002277851104736
1 1 0.0465545654296875 -0.04655766487121582 -0.026729583740234375 -0.0761556625366211 -0.036885738372802734 -0.07373428344726562 0.0320778414607048
2 5 0.006023883819580078 -0.006801247596740723 0.4079132080078125 -0.0354456901550293 -0.07358646392822266 0.04346418380737305 0.004743218421936035
2 2 0.01898479461669922 -0.06003028154373169 0.2822151184082031 0.049072265625 0.03306889533996582 -0.11293339729309082 0.02445995807647705
2 6 0.14206504821777344 -0.044148385524749756 0.254608154296875 -0.07723045349121094 -0.06708121299743652 -0.06175732612609863 0.03824055194854736
2 1 -0.7865753173828125 -0.21878951787948608 -0.01049041748046875 0.18568801879882812 -0.03510618209838867 -0.3588695526123047 -3.0624488666653633
3 3 0.026416301727294922 -0.0017257332801818848 -0.023359298706054688 -0.036870718002319336 -0.00026154518127441406 0.0012636184692382812 0.027554750442504883
3 4 0.03465843200683594 -0.01840496063232422 0.11208152770996094 -0.25132298469543457 -0.0690760612487793 0.035990118980407715 0.029140591621398926
3 0 0.02181243896484375 -0.013725459575653076 0.1595449447631836 -0.11427426338195801 0.021376490592956543 -0.0009677410125732422 -0.001598954200744629
4 2 -0.05275917053222656 0.001242518424987793 -0.09539031982421875 -0.01806783676147461 0.003801584243774414 -0.0069779157638549805 0.06929385662078857
4 6 -0.014590263366699219 -0.01878070831298828 -0.200469970703125 -0.020416259765625 -0.023404598236083984 -0.05542254447937012 -0.006426215171813965
4 5 0.007483005523681641 -0.09545749425888062 -0.063995361328125 0.006416797637939453 -0.07695615291595459 -0.16831529140472412 -0.08907532691955566
5 7 0.40419769287109375 0.005893051624298096 0.10055923461914062 -0.7555532455444336 -0.1939939260482788 0.017751574516296387 -0.0918126106262207
