0 0 0.12709999084472656 0.05333507061004639 -0.3568706512451172 -0.4962921142578125 -0.08466410636901855 0.08848822116851807 -0.08567345142364502
0 0 15.852210998535156 0.2695620656013489 36.111663818359375 0.26186037063598633 0.03628396987915039 0.3968029022216797 -1.689967155456543
0 3 0.17266321182250977 -0.009359300136566162 -0.3494834899902344 0.05714917182922363 0.09511435031890869 -0.014140844345092773 -0.12046647071838379
1 2 -0.007384300231933594 -0.014064669609069824 -0.0839996337890625 -0.012497425079345703 -0.0004411935806274414 -0.0073032379150390625 0.02730119228363037
1 0 21.906097412109375 0.29412591457366943 35.96027755737305 0.4741249084472656 0.12118172645568848 0.4945441484451294 -1.400130033493042
1 4 -0.5880699157714844 -0.06343644857406616 -0.10224151611328125 0.11414957046508789 0.055416107177734375 -0.13871049880981445 -6.267931699752808
2 1 0.016206741333007812 -0.01959627866744995 0.13222503662109375 -0.02967691421508789 0.00624537467956543 -0.048066139221191406 0.01929628849029541
3 3 -0.009668827056884766 0.00887840986251831 0.03649330139160156 -0.0430147647857666 -0.009934544563293457 0.005774021148681641 -0.0019606351852416992
3 0 0.10280609130859375 0.041114985942840576 0.13160133361816406 -0.33915114402770996 -0.15884089469909668 0.115439772605896 0.236855149269104
4 1 -0.12330865859985352 -0.010206103324890137 -0.15813446044921875 -0.025402545928955078 -0.0015772581100463867 -0.01950538158416748 0.09516680240631104
5 4 0.040508270263671875 0.006876468658447266 0.06843185424804688 -0.009204387664794922 0.03661966323852539 -0.013298511505126953 -6.276245355606079
