0 0 -6.555147171020508 0.04424154758453369 15.462150573730469 -0.040400028228759766 0.12330687046051025 -0.09765768051147461 -0.12986397743225098
0 1 -0.11946868896484375 0.007086575031280518 0.15334701538085938 0.14508533477783203 0.02632308006286621 0.029340744018554688 0.006506681442260742
1 5 -0.025728225708007812 0.0018734931945800781 -0.02620697021484375 -0.011573314666748047 0.009760379791259766 -0.00401461124420166 -0.0050650835037231445
1 0 -0.5040969848632812 0.06828433275222778 15.311687469482422 0.17461776733398438 0.2103210687637329 -0.0019797086715698242 0.16852593421936035
1 0 -0.5138053894042969 -0.07282084226608276 -0.11299896240234375 0.22939634323120117 0.11349976062774658 -0.16894054412841797 0.09766221046447754
2 2 -0.022044658660888672 -0.0031375885009765625 0.24002838134765625 -0.19018125534057617 -0.018389344215393066 0.008663415908813477 -0.05447185039520264
2 6 0.31889772415161133 -0.10269224643707275 0.414794921875 0.8837294578552246 0.18392658233642578 -0.03405749797821045 -0.15438389778137207
4 7 -0.044768333435058594 0.005877077579498291 -0.053813934326171875 -0.058139801025390625 -0.020363569259643555 0.008943676948547363 -0.00330197811126709
4 4 -0.045110225677490234 0.03129762411117554 0.02422332763671875 -0.0572667121887207 0.008159875869750977 -0.04748415946960449 -0.02571690082550049
4 2 -0.11555671691894531 0.03479897975921631 -0.23162841796875 -0.2844419479370117 -0.09470665454864502 0.06782293319702148 0.06671357154846191
4 6 0.18723392486572266 -0.04515361785888672 0.15300369262695312 0.6540613174438477 0.07138872146606445 0.11423003673553467 -0.1128007173538208
5 0 0.07843017578125 0.014637172222137451 0.044284820556640625 0.008786678314208984 0.03465306758880615 0.0005811452865600586 -0.003653287887573242
5 1 0.5039539337158203 -0.0007922053337097168 0.04531097412109375 -0.40457773208618164 -0.08817124366760254 0.009956002235412598 -6.187828063964844
