0 2 -0.1203165054321289 0.03197509050369263 0.09970855712890625 -0.04884624481201172 0.03386974334716797 -0.018331408500671387 0.6017582416534424
0 0 -10.837255477905273 0.2697409987449646 11.466079711914062 0.2608957290649414 0.03432130813598633 0.398013710975647 -3.2720990030429675
1 0 -4.787439346313477 0.29453545808792114 11.317066192626953 0.474123477935791 0.12118101119995117 0.49454212188720703 -2.9711561052463367
1 1 -0.4408397674560547 -0.06215769052505493 0.0009918212890625 -0.048503875732421875 0.005527377128601074 -0.13082265853881836 -0.00884556770324707
2 4 -0.00614166259765625 -0.006217777729034424 0.175506591796875 0.018060684204101562 0.046062350273132324 -0.009895086288452148 0.01655268669128418
2 3 0.01552438735961914 -0.09805446863174438 0.35103607177734375 -0.028033733367919922 -0.07952725887298584 -0.1633669137954712 -0.0010576248168945312
4 3 0.03355216979980469 0.02110469341278076 -0.14262008666992188 0.017118453979492188 0.06662487983703613 0.03488779067993164 0.01678287982940674
4 4 -0.04036378860473633 0.007411658763885498 -0.2367095947265625 -0.08635377883911133 0.014301896095275879 -0.010799884796142578 -0.0429304838180542
5 0 0.0481109619140625 -0.006937742233276367 0.03246307373046875 -0.06406116485595703 0.01843881607055664 -0.026886343955993652 -0.010164078172238078
5 2 0.009389877319335938 -0.04953807592391968 0.21621322631835938 -0.3506450653076172 -0.002164125442504883 -0.15256643295288086 -0.4938168525695801
