0 4 0.021043777465820312 0.0076583027839660645 0.0044116973876953125 -0.05200529098510742 -0.030881524085998535 0.020476579666137695 -0.04426538944244385
0 0 -9.398927688598633 0.21945559978485107 15.462493896484375 -0.4265151023864746 -0.06512117385864258 0.2641575336456299 -0.12065768241882324
0 5 0.10839033126831055 0.0036423206329345703 -0.47922515869140625 -0.332714319229126 -0.03798317909240723 0.017827153205871582 -0.1541752815246582
1 0 -3.355344772338867 0.24192631244659424 15.316547393798828 -0.21414470672607422 0.01813650131225586 0.36196160316467285 0.17042303085327148
2 3 -0.02229022979736328 -0.01523125171661377 0.145416259765625 0.05649089813232422 0.0721975564956665 -0.01367032527923584 0.027338027954101562
2 2 0.0345611572265625 -0.03123176097869873 0.5239715576171875 -0.01936960220336914 -0.08594119548797607 -0.011159181594848633 -0.0038933753967285156
3 5 0.008378982543945312 0.002882063388824463 0.18018531799316406 -0.06252145767211914 -0.0006208419799804688 0.013332605361938477 0.02023303508758545
3 4 0.09287643432617188 0.001818239688873291 0.2948179244995117 -0.18971753120422363 -0.03143787384033203 -0.015819430351257324 0.06596767902374268
4 3 -0.0349884033203125 -0.008385300636291504 -0.1634063720703125 -0.04270315170288086 0.008730173110961914 -0.021613001823425293 0.025298118591308594
4 2 0.004657745361328125 -0.11702883243560791 0.0225067138671875 0.015617847442626953 -0.09440052509307861 -0.1948026418685913 -0.37284278869628906
5 0 0.3540458679199219 0.0044762492179870605 0.07025146484375 -0.7509770393371582 -0.18345177173614502 0.0006004571914672852 -0.08375263214111328
