0 4 0.08873653411865234 -0.013765096664428711 -0.6136398315429688 -0.7918200492858887 -0.18161702156066895 -0.034209370613098145 -0.046736836433410645
0 2 0.2477893829345703 -0.028687715530395508 -0.5301246643066406 -0.2322554588317871 0.06117558479309082 -0.14978516101837158 -0.3006703853607178
0 0 20.478988647460938 0.026198089122772217 -13.638927459716797 0.09886932373046875 0.12950336933135986 -0.10581707954406738 -4.747449040412903
1 2 -0.0963897705078125 -0.015664756298065186 0.15715408325195312 -0.17525911331176758 -0.017792582511901855 -0.01775956153869629 -0.058185577392578125
1 0 26.035125732421875 0.06780248880386353 -13.535404205322266 0.17461872100830078 0.2103215456008911 -0.0019794702529907227 -4.542269349098206
1 1 -0.4185523986816406 -0.05199563503265381 0.02411651611328125 -0.7751054763793945 -0.06336402893066406 -0.16975092887878418 -6.188730001449585
2 0 0.002063751220703125 -0.02004796266555786 0.1107330322265625 0.007220745086669922 0.016162514686584473 -0.04471004009246826 0.03256714344024658
3 4 0.047260284423828125 -0.0031474828720092773 0.16830825805664062 -0.03480386734008789 -0.008109092712402344 0.01339578628540039 -0.019234895706176758
4 0 -0.07170391082763672 -0.03205615282058716 -0.19968414306640625 0.009090423583984375 0.02067399024963379 -0.07609224319458008 0.05162835121154785
5 3 0.3139839172363281 0.0014521479606628418 0.028560638427734375 -0.5382552146911621 -0.09116935729980469 -0.05445754528045654 0.0037186145782470703
