0 5 0.026597976684570312 0.006700336933135986 0.026117324829101562 -0.024425983428955078 0.03351032733917236 -0.03976404666900635 -0.06586086750030518
0 0 20.10487937927246 0.038211166858673096 -0.21019744873046875 0.07720327377319336 0.11433947086334229 -0.04752779006958008 -4.921032190322876
1 3 -0.03262615203857422 0.004063248634338379 0.022777557373046875 -0.034360408782958984 -0.0039757490158081055 0.010462164878845215 -0.0233689546585083
1 4 0.005222320556640625 -0.0017990469932556152 0.07865524291992188 -0.02456188201904297 0.018114566802978516 0.0015568733215332031 0.002514481544494629
1 0 25.93610382080078 0.0680655837059021 -0.2840156555175781 0.17461872100830078 0.2103215456008911 -0.0019794702529907227 -4.562160968780518
2 1 -0.01883983612060547 -0.01541227102279663 0.028839111328125 -0.04540514945983887 0.04482996463775635 -0.016025662422180176 0.03045940399169922
2 0 0.0508418083190918 -0.11713576316833496 0.5132331848144531 0.029871463775634766 0.05390453338623047 -0.22288858890533447 0.03349721431732178
3 5 0.08837413787841797 -0.006909370422363281 0.19344711303710938 -0.026169300079345703 -0.0003561973571777344 -0.018014907836914062 0.05537450313568115
4 0 -0.006326198577880859 0.01041334867477417 -0.012493133544921875 -0.00830984115600586 0.001039266586303711 0.021089553833007812 0.006186127662658691
5 2 0.20327186584472656 0.014193296432495117 0.028179168701171875 -0.29922986030578613 -0.06356465816497803 0.01988661289215088 0.019170045852661133
5 0 -0.16104793548583984 -0.17776501178741455 -0.11785125732421875 0.13601016998291016 0.12275278568267822 -0.3844524621963501 -0.0890038013458252
