0 0 0.007374763488769531 -0.019811272621154785 -0.13649368286132812 -0.451080322265625 -0.05030405521392822 -0.08283591270446777 -0.07177448272705078
0 0 -3.9217991828918457 -0.05961477756500244 74.5254135131836 0.23143577575683594 0.15117645263671875 -0.17916226387023926 -1.5846222639083862
0 0 15.857046127319336 0.17633646726608276 49.210330963134766 -0.37159204483032227 0.03639793395996094 0.11858773231506348 -1.6890071630477905
1 0 21.90812110900879 0.2011551856994629 49.057369232177734 -0.1585397720336914 0.12166881561279297 0.21682941913604736 -1.4033814668655396
1 1 0.004212856292724609 -0.0027829408645629883 -0.2962684631347656 -0.002842426300048828 0.0004614591598510742 -0.012227654457092285 -0.01859259605407715
2 2 0.04396963119506836 -0.010993599891662598 0.06375885009765625 0.021631240844726562 0.011143326759338379 -0.017917633056640625 0.07018280029296875
2 0 -4.2305803298950195 0.06161034107208252 74.38776397705078 -0.4118475914001465 -0.046233534812927246 0.06414246559143066 3.1891796588897705
3 0 0.13213729858398438 0.007397711277008057 0.4926600456237793 -0.5591011047363281 -0.08511638641357422 -0.0769951343536377 0.20508790016174316
4 1 0.07293415069580078 -0.028421223163604736 0.270782470703125 -0.03704547882080078 -0.0008609294891357422 -0.07032191753387451 -0.03523540496826172
4 2 -0.10304880142211914 -0.004861712455749512 -0.26958465576171875 -0.14608383178710938 -0.018634319305419922 -0.01581096649169922 0.07804381847381592
