0 0 19.973251342773438 0.1777612566947937 -17.652217864990234 -0.3725132942199707 0.03719758987426758 0.11965441703796387 -4.834237337112427
0 3 0.17878389358520508 -0.040476441383361816 -0.30240440368652344 -0.0499730110168457 0.04790616035461426 -0.08919012546539307 -0.13214325904846191
1 0 26.015567779541016 0.2010546326637268 -17.802391052246094 -0.15929269790649414 0.12115335464477539 0.2166529893875122 -4.542178153991699
2 0 -0.03501081466674805 -0.0037000179290771484 0.17238616943359375 -0.0595393180847168 -0.004298210144042969 -0.00914299488067627 0.008300542831420898
2 4 -0.0031952857971191406 -0.05581158399581909 0.23371505737304688 -0.6046113967895508 -0.02366936206817627 -0.2115393877029419 -0.037596702575683594
3 1 0.0040721893310546875 0.002865612506866455 -0.2187786102294922 0.07458281517028809 -0.013820052146911621 0.005254864692687988 0.017992734909057617
3 3 -0.026313304901123047 -0.019341468811035156 0.02194976806640625 0.041848182678222656 0.003413558006286621 -0.03893685340881348 0.0008029937744140625
4 2 0.007816314697265625 0.004386305809020996 0.020832061767578125 -0.02391529083251953 -0.012354612350463867 0.007475733757019043 0.02476060390472412
4 4 -0.01180267333984375 -0.00815725326538086 0.06456756591796875 -0.027082443237304688 0.006421089172363281 -0.021218180656433105 -0.02769303321838379
4 0 -0.020408153533935547 -0.008767664432525635 -0.520355224609375 -0.430783748626709 -0.021779179573059082 -0.0853348970413208 0.003934621810913086
