0 1 0.3008460998535156 0.07349824905395508 -0.4984722137451172 -0.5918445587158203 -0.16637372970581055 0.13619887828826904 -0.6209563612937927
0 0 9.073055267333984 0.18653327226638794 14.7369384765625 -0.31190967559814453 -0.07812094688415527 0.31644558906555176 -6.320353746414185
1 4 0.0073490142822265625 0.00011587142944335938 0.041133880615234375 -0.001434326171875 -0.005279541015625 0.002390146255493164 0.0068359375
1 2 -0.08842992782592773 0.0037494301795959473 -0.08905410766601562 -0.14011430740356445 -0.03326725959777832 -0.007726907730102539 0.08635711669921875
1 0 -0.39211559295654297 0.008152127265930176 0.038394927978515625 -0.839961051940918 -0.18594980239868164 -0.003088712692260742 -5.0365424156188965
1 0 13.622699737548828 0.12381875514984131 14.60788345336914 -0.18604707717895508 -0.02689814567565918 0.21049177646636963 -5.933851957321167
2 5 0.036397457122802734 -0.04317504167556763 0.2799835205078125 -0.06729412078857422 -0.0516664981842041 -0.07540583610534668 0.023120999336242676
3 1 0.0045185089111328125 0.0012567639350891113 0.11498069763183594 -0.0704355239868164 0.0005168914794921875 0.006182312965393066 0.004070401191711426
4 3 -0.016563892364501953 -0.013294398784637451 0.011592864990234375 -0.17642641067504883 -0.015184879302978516 -0.03639364242553711 -0.0025789737701416016
4 5 -0.013373851776123047 0.014242768287658691 -0.00463104248046875 -0.02423381805419922 0.009386539459228516 0.01794719696044922 0.012758374214172363
5 0 0.2936086654663086 -0.03113478422164917 0.03226470947265625 -0.9644701480865479 -0.2013787031173706 -0.05762350559234619 -6.016855955123901
5 2 -0.36385440826416016 -0.14758849143981934 -0.6807441711425781 0.313016414642334 0.1703864336013794 -0.2769075632095337 -3.4235010743141174
