0 2 0.035584449768066406 -0.02806633710861206 -0.24339866638183594 -0.5675020217895508 -0.05805766582489014 -0.09618473052978516 -0.07911098003387451
0 3 0.14803028106689453 0.07125365734100342 -0.4880027770996094 -0.5756592750549316 -0.20730829238891602 0.16379940509796143 -0.06877243518829346
0 0 19.98200798034668 -0.06297957897186279 -5.686672210693359 -0.0360870361328125 -0.031398773193359375 -0.23917269706726074 -4.83855414390564
1 1 -0.028521060943603516 0.005489826202392578 0.0082855224609375 0.018707275390625 0.014705419540405273 0.00521087646484375 0.015339255332946777
1 0 26.034643173217773 -0.03823906183242798 -5.837390899658203 0.1755681037902832 0.0535886287689209 -0.14129984378814697 -4.547947645187378
2 0 0.047458648681640625 -0.07606208324432373 0.2935333251953125 -0.04538154602050781 -0.0692594051361084 -0.14202368259429932 0.006024360656738281
3 4 0.027492523193359375 -0.013944745063781738 0.05299186706542969 -0.02046346664428711 -0.0003312826156616211 -0.0024396181106567383 0.02169787883758545
3 3 -0.022113800048828125 0.0036586523056030273 0.1147756576538086 0.0022950172424316406 0.00899362564086914 0.005216240882873535 -0.00012934207916259766
3 2 0.1618633270263672 0.004382133483886719 0.35107994079589844 -0.561887264251709 -0.10937738418579102 -0.07704722881317139 0.22638475894927979
4 0 0.026613235473632812 0.02695918083190918 -0.1101837158203125 -0.00016927719116210938 0.05471944808959961 0.02884531021118164 0.025316596031188965
