0 3 0.10313606262207031 -0.05035883188247681 -0.24786758422851562 -0.0027332305908203125 0.024030566215515137 -0.09015488624572754 -0.07558095455169678
0 0 19.792741775512695 0.20884501934051514 29.641456604003906 0.8137669563293457 0.18941950798034668 0.2640647888183594 -4.833629846572876
1 0 25.846813201904297 0.23350495100021362 29.489978790283203 1.0257697105407715 0.2741692066192627 0.36193549633026123 -4.544099807739258
2 1 0.10320758819580078 -0.03643190860748291 0.29979705810546875 -0.00881814956665039 -0.04117941856384277 -0.0631183385848999 0.03589785099029541
2 2 0.013302803039550781 -0.12458062171936035 0.34932708740234375 -0.05006265640258789 0.024706125259399414 -0.25614821910858154 -0.051807284355163574
3 0 0.04017496109008789 -0.0016221404075622559 0.01944732666015625 -0.022464275360107422 0.010784506797790527 0.009396910667419434 0.04600405693054199
3 3 -0.020409107208251953 -0.004059195518493652 0.06916236877441406 -0.028091907501220703 0.0028580427169799805 -0.016902565956115723 -0.012426257133483887
4 2 -0.011744976043701172 0.009453833103179932 0.037334442138671875 -0.0369868278503418 -0.01324474811553955 0.007390141487121582 -0.02163982391357422
4 1 -0.009952545166015625 -0.030490458011627197 -0.06192779541015625 0.03226470947265625 -0.018706083297729492 -0.06435239315032959 -0.014595985412597656
5 4 -0.01667022705078125 0.013409197330474854 0.01251983642578125 -0.07909274101257324 -0.046674370765686035 0.00666654109954834 -0.028569800866534933
