0 3 0.1415843963623047 -0.026564717292785645 -0.07090377807617188 -0.04641437530517578 -0.05066061019897461 -0.062340378761291504 -0.06628835201263428
0 4 0.09097099304199219 -0.005254149436950684 -0.0099945068359375 0.05079078674316406 0.06669473648071289 -0.05452775955200195 2.6285950243473053
0 0 -6.291650772094727 0.21248555183410645 11.468486785888672 -0.4259829521179199 -0.06644010543823242 0.2639648914337158 -3.2598796195575233
1 2 -0.028133392333984375 -0.052219510078430176 0.036266326904296875 0.015600204467773438 -0.02988886833190918 -0.03669321537017822 -0.019875168800354004
1 0 -0.2486743927001953 0.2384023666381836 11.310173034667969 -0.21096372604370117 0.019023418426513672 0.3645358085632324 -2.9798503226825233
1 4 -0.35349559783935547 0.06669753789901733 -0.08199691772460938 -0.1936359405517578 -0.013643503189086914 0.03165996074676514 -0.9245776832103729
2 1 0.06830024719238281 -0.15097880363464355 0.4661521911621094 0.07000255584716797 -0.05955195426940918 -0.28961050510406494 -0.2091587781906128
2 5 0.02133464813232422 -0.038349270820617676 0.6763916015625 -0.8554272651672363 -0.13125765323638916 -0.025317072868347168 -0.014875054359436035
3 3 0.07909107208251953 -0.042649030685424805 0.1669158935546875 -0.025372028350830078 -0.049896955490112305 -0.03944230079650879 0.06615173816680908
4 1 0.031545162200927734 0.01893794536590576 -0.03726959228515625 -0.016825199127197266 0.023142576217651367 0.014374256134033203 -0.015923261642456055
4 5 -0.03202533721923828 -0.019765019416809082 -0.31311798095703125 -0.3371443748474121 -0.0441434383392334 -0.04835653305053711 -0.005883574485778809
5 0 0.24372291564941406 -0.014264047145843506 0.024753570556640625 -0.3418159484863281 -0.06784486770629883 -0.02192091941833496 -0.006128956306838518
5 4 0.05888557434082031 -0.012685656547546387 -0.12468719482421875 -0.18082141876220703 0.01999974250793457 -0.10676348209381104 -0.5006256401538849
