0 0 19.818403244018555 -0.054631173610687256 23.834827423095703 -0.036468505859375 -0.031193256378173828 -0.23916375637054443 -4.813378214836121
1 0 25.872406005859375 -0.029967188835144043 23.68337631225586 0.17557287216186523 0.05358719825744629 -0.14129698276519775 -4.523780941963196
2 2 0.03418779373168945 -0.04020678997039795 0.3645782470703125 -0.03611135482788086 -0.048592329025268555 -0.0656270980834961 0.05994844436645508
2 3 0.10048961639404297 -0.01136237382888794 0.21009063720703125 -0.1976757049560547 -0.0009032487869262695 -0.006768584251403809 0.0694589614868164
2 1 0.04191303253173828 -0.02595353126525879 0.2700653076171875 0.0005495548248291016 0.08617591857910156 -0.03706634044647217 0.08499205112457275
3 0 -0.00273895263671875 0.012897133827209473 0.04885292053222656 0.03661632537841797 0.014388322830200195 0.006101846694946289 -0.017006993293762207
4 1 -0.015594959259033203 0.003220498561859131 -0.029605865478515625 -0.04307389259338379 0.003753662109375 -0.010353803634643555 0.005894660949707031
4 2 0.004778861999511719 -0.009044051170349121 -0.15442657470703125 -0.007938385009765625 -0.0027844905853271484 -0.03308510780334473 0.009374618530273438
4 3 0.023199081420898438 -0.004890024662017822 -0.064453125 -0.01655435562133789 0.05846893787384033 -0.02723217010498047 0.021535873413085938
5 4 0.4628410339355469 0.025274217128753662 0.17267608642578125 -1.0606107711791992 -0.26887965202331543 0.03491544723510742 -0.05440974235534668
