0 0 -4.83038330078125 -0.07944256067276001 15.198036193847656 0.10117530822753906 -0.024566650390625 -0.2461162805557251 -6.318639516830444
1 0 0.6950836181640625 -0.03773444890975952 15.317817687988281 0.17557048797607422 0.05358719825744629 -0.14130079746246338 -6.112350225448608
1 1 -0.09789276123046875 -0.08329153060913086 -0.011180877685546875 0.020451068878173828 -0.02748727798461914 -0.13195741176605225 0.008147679269313812
1 0 -1.234323501586914 -0.15869379043579102 0.03716278076171875 0.2436356544494629 0.011102676391601562 -0.31736600399017334 -6.139941453933716
1 3 -0.17226600646972656 0.0010473132133483887 0.25787353515625 -0.44173097610473633 -0.1091766357421875 -0.014075994491577148 -4.985373497009277
2 4 0.1623678207397461 0.00701063871383667 0.542449951171875 -0.9033539295196533 -0.17338252067565918 -0.07613742351531982 0.17376279830932617
4 2 0.02718067169189453 -0.0018660426139831543 -0.0066986083984375 -0.03502821922302246 0.017621636390686035 0.01456141471862793 0.027028918266296387
4 4 -0.0057353973388671875 -0.01903390884399414 -0.2046966552734375 -0.30198144912719727 0.012395381927490234 -0.12609171867370605 -0.039371490478515625
5 0 -0.026742935180664062 -0.03122413158416748 0.07309722900390625 -0.009537220001220703 -0.03346419334411621 -0.05088996887207031 -6.252396821975708
5 1 0.032840728759765625 -0.10741192102432251 -0.06441879272460938 0.11963748931884766 0.006987810134887695 -0.19200670719146729 -0.1628982350230217
