0 4 0.018583297729492188 -0.045893967151641846 -0.12412548065185547 -0.3300337791442871 -0.04358530044555664 -0.09527730941772461 -0.008000612258911133
0 2 0.09196281433105469 -0.16179132461547852 -0.5702304840087891 0.014204025268554688 -0.07978653907775879 -0.2575523853302002 0.7648835778236389
0 0 -7.583864212036133 -0.05818909406661987 15.46805191040039 -0.03643178939819336 -0.03116297721862793 -0.2391679286956787 -0.11980867385864258
1 2 -0.11879539489746094 -0.05685925483703613 0.07090377807617188 -0.03562498092651367 -0.050948143005371094 -0.052117109298706055 -0.05389130115509033
1 0 -1.5297927856445312 -0.033528685569763184 15.316585540771484 0.17557287216186523 0.05358743667602539 -0.1412966251373291 0.1697235107421875
3 1 0.017821788787841797 0.0009123086929321289 0.08962059020996094 -0.03360891342163086 -0.0032448768615722656 0.0038863420486450195 0.005539536476135254
3 2 0.04199695587158203 0.010666489601135254 0.04356193542480469 -0.019245147705078125 0.05574297904968262 0.0277099609375 0.00620114803314209
3 4 0.025743484497070312 0.015192151069641113 0.2607269287109375 -0.1678600311279297 -0.08159399032592773 0.080208420753479 0.029923200607299805
4 3 -0.022323131561279297 -0.009778439998626709 0.08275985717773438 -0.08823966979980469 -0.009275317192077637 -0.024123311042785645 -0.015795469284057617
5 0 -0.04482460021972656 -0.023662805557250977 0.02817535400390625 0.03744220733642578 -0.025035619735717773 -0.03757071495056152 -0.044843196868896484
