0 3 0.116363525390625 -0.17141306400299072 -0.5929527282714844 -0.024392127990722656 -0.07819616794586182 -0.31879234313964844 0.2208281010389328
0 0 19.848674774169922 0.26929402351379395 2.5395469665527344 0.2605867385864258 0.03469967842102051 0.39810097217559814 -4.8434261083602905
1 4 -0.04892873764038086 -0.0017508268356323242 -0.026092529296875 -0.002410888671875 0.004731655120849609 0.003335714340209961 -0.002553582191467285
1 0 25.900487899780273 0.294899582862854 2.3885879516601562 0.47412633895874023 0.1211843490600586 0.49454402923583984 -4.541836380958557
1 3 -0.08080291748046875 -0.007436394691467285 -0.0024871826171875 0.0045166015625 -0.0028357505798339844 -0.0711205005645752 0.0892939567565918
1 2 -0.1783618927001953 -0.02780437469482422 0.04145050048828125 -0.11109304428100586 0.03645062446594238 -0.10293912887573242 0.14151835441589355
2 1 0.041001319885253906 -0.0032944083213806152 0.2301788330078125 -0.18961000442504883 0.03443551063537598 -0.01807534694671631 -0.0009248256683349609
4 0 -0.02828693389892578 0.0054541826248168945 0.023406982421875 -0.007404804229736328 0.0031194686889648438 0.004629611968994141 -0.0014920234680175781
4 1 0.043473243713378906 0.008811235427856445 -0.0710601806640625 -0.044403791427612305 0.017408251762390137 -0.004577755928039551 0.0031342506408691406
5 5 0.13093948364257812 -0.06241023540496826 0.038867950439453125 -0.18141746520996094 0.006364107131958008 -0.06904458999633789 -0.021241184018435888
5 3 0.17403030395507812 -0.07924175262451172 -0.06516265869140625 0.0382227897644043 -0.02758646011352539 -0.14947795867919922 -2.6220849454402924
