0 0 -4.780494689941406 0.2744104266166687 15.46738052368164 0.2619762420654297 0.03633856773376465 0.3967708349227905 -0.11948633193969727
1 2 -0.3733482360839844 -0.00022655725479125977 0.062713623046875 -0.3240652084350586 -0.037572383880615234 -0.02829909324645996 0.07522499561309814
1 0 1.2734756469726562 0.2990249991416931 15.316051483154297 0.4741249084472656 0.12118148803710938 0.49454402923583984 0.17034482955932617
2 3 -0.04616594314575195 -0.11255991458892822 0.1521148681640625 0.1589035987854004 0.05678427219390869 -0.20164763927459717 0.0034519433975219727
2 4 0.13735008239746094 -0.006130099296569824 0.34661865234375 -0.4233102798461914 -0.07163918018341064 0.03216981887817383 0.12188661098480225
3 1 -0.019402503967285156 0.007517755031585693 -0.018358230590820312 -0.020017623901367188 -0.0001214742660522461 0.011776328086853027 0.010842680931091309
4 3 -0.08005619049072266 0.006433069705963135 -0.023738861083984375 -0.05586528778076172 -0.01354825496673584 0.0006717443466186523 0.026037096977233887
4 4 -0.06680679321289062 -0.03184914588928223 -0.17967987060546875 -0.31829261779785156 -0.054308176040649414 -0.01913440227508545 0.0002461671829223633
5 0 0.2294769287109375 0.04317384958267212 0.1130218505859375 -0.4318544864654541 -0.12145102024078369 0.07058084011077881 -0.04893779754638672
5 3 0.0017867088317871094 -0.09587359428405762 -0.5761260986328125 0.12193822860717773 0.09116995334625244 -0.2216777801513672 -0.006980299949645996
5 2 0.3580312728881836 -0.0601344108581543 0.237640380859375 -0.26873350143432617 0.02523636817932129 -0.22174251079559326 1.1645096838474274
