0 5 0.027123451232910156 -0.02051568031311035 -0.1395435333251953 -0.12145853042602539 -0.029124736785888672 -0.018343448638916016 -0.03883099555969238
0 0 19.85209846496582 -0.06253892183303833 31.3955078125 -0.03631114959716797 -0.031291961669921875 -0.23919224739074707 -4.831654787063599
1 0 25.90457534790039 -0.037863194942474365 31.24496841430664 0.17566490173339844 0.05361437797546387 -0.14121568202972412 -4.541985988616943
2 4 0.04018402099609375 -0.016590476036071777 0.179901123046875 -0.010606765747070312 -0.013657808303833008 -0.030887246131896973 0.05668520927429199
2 3 -0.12726306915283203 0.0024080276489257812 0.47084808349609375 -0.8550398349761963 -0.15766191482543945 -0.08785033226013184 0.004251837730407715
3 0 0.02578258514404297 -0.007788300514221191 0.11063194274902344 -0.004906654357910156 -0.002765655517578125 -0.00818490982055664 0.01968669891357422
3 5 0.115447998046875 0.02489757537841797 0.44342517852783203 -0.20436620712280273 -0.1062619686126709 0.10448026657104492 0.14644360542297363
4 1 -0.0025391578674316406 0.0019818544387817383 0.00507354736328125 -0.01099538803100586 -0.012484192848205566 0.01205742359161377 0.015169501304626465
4 4 -0.015547752380371094 -0.04662811756134033 -0.18292236328125 0.043430328369140625 -0.031078577041625977 -0.08727014064788818 0.015328645706176758
4 3 0.021170616149902344 -0.019066333770751953 -0.05838775634765625 0.030163288116455078 0.049645423889160156 -0.08770811557769775 0.07152664661407471
5 2 0.2774543762207031 0.03150135278701782 0.17255020141601562 -0.5377905368804932 -0.13230133056640625 0.05055105686187744 -6.283573150634766
