0 0 19.902400970458984 -0.06101435422897339 6.394977569580078 -0.03643226623535156 -0.03116297721862793 -0.23916852474212646 -4.834304094314575
1 0 -0.032045841217041016 0.015297293663024902 -0.04024505615234375 0.014980792999267578 0.025751829147338867 0.020387649536132812 0.03232622146606445
1 0 25.956466674804688 -0.0363539457321167 6.243511199951172 0.17557287216186523 0.05358743667602539 -0.1412966251373291 -4.544780015945435
2 1 0.07114553451538086 -0.03558754920959473 0.37349700927734375 -0.04068470001220703 -0.04172182083129883 -0.06133675575256348 0.037831783294677734
2 3 0.009373188018798828 -0.09648609161376953 0.3038520812988281 -0.026801109313964844 -0.06934070587158203 -0.16115343570709229 0.0030333995819091797
2 0 -0.08175373077392578 -0.19978737831115723 0.4204559326171875 0.0923919677734375 -0.04636359214782715 -0.38343167304992676 0.0050754547119140625
3 2 -0.03438901901245117 0.0030183792114257812 0.01515960693359375 -0.026261329650878906 -0.006590723991394043 0.005639791488647461 0.008459210395812988
4 3 0.030027389526367188 0.01714503765106201 -0.17284393310546875 0.01724386215209961 0.06591367721557617 0.03298783302307129 0.01862049102783203
4 1 0.041356563568115234 -0.02165544033050537 -0.19109344482421875 -0.02953815460205078 -0.023935556411743164 -0.05015301704406738 0.00912928581237793
5 3 0.006837368011474609 -0.14382803440093994 -0.1605682373046875 0.005252838134765625 -0.11328589916229248 -0.2373511791229248 -0.19005036354064941
