0 1 0.16302061080932617 0.05735975503921509 -0.3778266906738281 -0.4762418270111084 -0.17180776596069336 0.1216355562210083 -0.13994240760803223
1 2 -0.028066158294677734 -0.007519721984863281 0.09785842895507812 -0.025464534759521484 -0.00154876708984375 0.0008374452590942383 -0.029693603515625
1 5 -0.009731292724609375 -0.004337966442108154 0.10996246337890625 -0.003329753875732422 -0.00446164608001709 -0.0018318891525268555 -0.04008150100708008
1 0 26.214326858520508 0.2486741542816162 -16.727733612060547 0.8461215496063232 0.3100208044052124 0.41564810276031494 -4.741617918014526
2 0 -0.02037525177001953 -0.011187553405761719 0.11315155029296875 0.011037826538085938 0.02387559413909912 -0.002802729606628418 0.016409635543823242
2 2 -0.0034151077270507812 -0.14501893520355225 0.3093681335449219 0.22295045852661133 0.11594879627227783 -0.27745819091796875 -0.11787188053131104
2 3 -0.028850555419921875 0.003322124481201172 0.31008148193359375 -0.16893243789672852 -0.0003657341003417969 0.019509553909301758 -0.09269297122955322
3 6 -0.018617630004882812 -0.0022923946380615234 0.009876251220703125 0.01265573501586914 -0.004627346992492676 0.0015386343002319336 0.013985872268676758
3 1 0.006905555725097656 0.013053059577941895 0.07822895050048828 0.04417991638183594 0.010628223419189453 0.03936946392059326 -0.006405472755432129
4 3 -0.07916116714477539 0.02851879596710205 -0.09192276000976562 -0.23745965957641602 -0.08882248401641846 0.04625284671783447 0.05741274356842041
4 0 0.016937255859375 -0.020346462726593018 -0.221221923828125 -0.09067440032958984 0.022965192794799805 -0.04040086269378662 0.01914811134338379
5 4 0.2798137664794922 0.02339327335357666 0.1754302978515625 -0.5338666439056396 -0.14970660209655762 0.06312346458435059 -6.274800539016724
