0 1 0.11499404907226562 -0.030138015747070312 -0.2804861068725586 -0.02239704132080078 0.024431824684143066 -0.05247640609741211 -0.11873781681060791
0 0 -14.810102462768555 0.20888787508010864 11.396354675292969 0.8137669563293457 0.18941950798034668 0.2640650272369385 -3.261556656390894
1 0 -8.756034851074219 0.23354840278625488 11.244884490966797 1.025770664215088 0.2741689682006836 0.3619375228881836 -2.972031624347437
2 5 0.005337715148925781 -0.03378784656524658 0.3684234619140625 -0.39777612686157227 -0.050486087799072266 -0.09130525588989258 0.014424443244934082
2 4 -0.06633949279785156 -0.00147324800491333 0.5024185180664062 -0.9357521533966064 -0.17356610298156738 -0.1081780195236206 0.07317709922790527
3 2 0.033747196197509766 -0.01975119113922119 0.17090988159179688 -0.1407642364501953 0.0020341873168945312 -0.058785200119018555 0.023179292678833008
3 1 -0.0063762664794921875 -0.022484421730041504 0.10973739624023438 0.017820358276367188 0.005173325538635254 -0.0470123291015625 -0.004898548126220703
4 3 0.056287288665771484 0.024647951126098633 -0.15610885620117188 0.025331497192382812 0.06216573715209961 0.030652284622192383 0.02337503433227539
4 4 0.01765155792236328 -0.012151539325714111 0.0098724365234375 0.04293966293334961 0.02203965187072754 -0.06696462631225586 0.04467368125915527
4 5 -0.06406259536743164 -0.0017216205596923828 -0.47509765625 -0.8463401794433594 -0.16765594482421875 -0.009682774543762207 0.08136487007141113
5 0 -0.08548355102539062 0.001366734504699707 -0.021305084228515625 0.15374374389648438 -0.00018286705017089844 -0.0033049583435058594 0.03622700151754543
5 3 -0.018465042114257812 -0.1540902853012085 1.2567901611328125 0.008281230926513672 -0.10749292373657227 -0.25613975524902344 0.08322012424468994
