0 0 0.13872241973876953 -0.03749281167984009 -0.25188255310058594 -0.026342391967773438 0.03979527950286865 -0.07300090789794922 -0.08761453628540039
0 0 19.84700584411621 0.043174684047698975 34.30504608154297 -0.0380702018737793 0.12514054775238037 -0.09948253631591797 -4.830222845077515
1 1 0.07321834564208984 -0.0006768703460693359 0.05941009521484375 -0.06923651695251465 0.007677793502807617 0.010702729225158691 -0.09787869453430176
1 0 25.900474548339844 0.06759148836135864 34.1539421081543 0.17461872100830078 0.21032178401947021 -0.001979351043701172 -4.539751291275024
2 2 0.029521942138671875 -0.04201442003250122 0.30400848388671875 -0.6440081596374512 -0.09887993335723877 -0.1475011110305786 0.03056168556213379
2 4 0.11826324462890625 -0.008653640747070312 0.250213623046875 -0.015767574310302734 -0.0040056705474853516 -0.012305736541748047 0.04317796230316162
3 0 -0.014004230499267578 -0.004015803337097168 0.03811073303222656 -0.011562824249267578 0.0013554096221923828 -0.01294100284576416 0.004261136054992676
4 3 -0.0036745071411132812 -0.0016742944717407227 -0.09284591674804688 -0.1563267707824707 -0.010334253311157227 -0.03678405284881592 0.007957935333251953
4 2 -0.11145973205566406 0.0022754669189453125 -0.16448211669921875 -0.32048511505126953 -0.04597306251525879 -0.025521159172058105 0.15449309349060059
4 4 -0.008176803588867188 -0.06334233283996582 -0.3145904541015625 0.012027263641357422 -0.056344032287597656 -0.12673723697662354 0.037357449531555176
