0 2 -0.05841255187988281 -0.13235032558441162 -0.1053466796875 0.1883411407470703 -0.01613140106201172 -0.2124541997909546 -0.052953243255615234
0 0 19.888168334960938 0.22142797708511353 12.616950988769531 -0.4303774833679199 -0.06643867492675781 0.2707357406616211 -4.851118087768555
1 0 -0.026641368865966797 0.005108058452606201 0.024768829345703125 -0.029784679412841797 -0.012544870376586914 0.009840011596679688 -0.006352543830871582
1 0 25.90190887451172 0.24252241849899292 12.473369598388672 -0.21413135528564453 0.018134355545043945 0.36196792125701904 -4.541721343994141
1 2 -0.4290504455566406 -0.06341594457626343 0.01557159423828125 0.007803916931152344 -0.029939889907836914 -0.13866877555847168 -6.243756294250488
2 3 0.035653114318847656 0.009632706642150879 -0.05835723876953125 0.008760452270507812 -0.04954850673675537 0.018156051635742188 0.02837657928466797
2 1 0.05637073516845703 -0.09965115785598755 0.24919891357421875 0.09296560287475586 0.03839898109436035 -0.17154145240783691 -0.040480852127075195
3 4 -0.014338016510009766 0.0011366605758666992 0.026357650756835938 0.002986431121826172 -0.006903648376464844 0.0019626617431640625 0.01719808578491211
4 1 -0.08343887329101562 0.006104528903961182 -0.06693267822265625 -0.04010152816772461 -0.0037941932678222656 0.004979610443115234 0.05185890197753906
4 3 -0.10651016235351562 -0.002078711986541748 -0.330841064453125 -0.2012336254119873 -0.04940485954284668 -0.022060394287109375 0.0557483434677124
5 2 0.002246856689453125 -0.07883626222610474 0.167388916015625 0.027743816375732422 -0.020912885665893555 -0.14148783683776855 -6.206324815750122
