0 1 0.0536651611328125 -0.0004025101661682129 -0.3641014099121094 -0.28009939193725586 -0.025493502616882324 0.0480802059173584 -0.082084059715271
0 0 19.957195281982422 0.21544188261032104 -4.260181427001953 -0.42612552642822266 -0.06659197807312012 0.2640812397003174 -4.842155456542969
1 0 26.01134490966797 0.24009889364242554 -4.411701202392578 -0.21413135528564453 0.018134117126464844 0.36196792125701904 -4.552656173706055
1 2 -0.12001705169677734 0.007473111152648926 -0.02535247802734375 0.02042102813720703 0.0352705717086792 -0.03142094612121582 -0.03277197480201721
2 0 0.0794062614440918 -0.017049193382263184 0.4262886047363281 -0.9113588333129883 -0.17299580574035645 -0.05038166046142578 -0.003132939338684082
3 1 0.02184915542602539 -0.039373695850372314 0.13314437866210938 -0.0644068717956543 -0.004426002502441406 -0.021010279655456543 0.0048351287841796875
4 0 -0.027111053466796875 -0.010263502597808838 -0.14882659912109375 -0.24813127517700195 -0.03947854042053223 -0.013821959495544434 -0.0042247772216796875
5 3 0.18071556091308594 -0.007725059986114502 0.08710098266601562 -0.18202972412109375 -0.05291295051574707 -0.03016817569732666 -0.03533339500427246
5 1 -0.15168046951293945 -0.05967181921005249 0.048462867736816406 -0.12418985366821289 0.04304218292236328 -0.13191509246826172 0.019201993942260742
5 2 -0.09019756317138672 -0.13677144050598145 0.1617889404296875 0.42256975173950195 0.15518438816070557 -0.28086745738983154 2.739259213209152
