0 3 0.09137344360351562 0.028405725955963135 -0.23376941680908203 -0.42183661460876465 -0.06969654560089111 0.08181548118591309 -0.13968241214752197
0 1 -0.6417560577392578 -0.20566129684448242 0.0187225341796875 0.4253220558166504 0.03877711296081543 -0.3588707447052002 2.804843470454216
0 0 19.98209571838379 0.22027790546417236 -19.502857208251953 -0.42685651779174805 -0.06680154800415039 0.2643231153488159 -4.8312742710113525
1 0 26.035995483398438 0.24464106559753418 -19.654804229736328 -0.21413803100585938 0.01813030242919922 0.36196136474609375 -4.541958808898926
1 1 -0.00922393798828125 -0.04071629047393799 0.040374755859375 -0.04376029968261719 -0.028310060501098633 -0.07130742073059082 -0.008546143770217896
2 0 -0.009275436401367188 -0.016697704792022705 0.2310028076171875 -0.2232828140258789 -0.030509233474731445 -0.04968428611755371 -0.005844593048095703
2 1 -0.6992597579956055 -0.23371493816375732 -0.10056304931640625 0.36733245849609375 0.031017780303955078 -0.3976442813873291 -2.791533187031746
3 3 0.04971885681152344 0.0253140926361084 0.25504493713378906 -0.37169456481933594 -0.10388946533203125 0.08570337295532227 0.1436091661453247
4 0 -0.011821269989013672 0.008656740188598633 -0.457794189453125 -0.6105318069458008 -0.12418258190155029 0.007953643798828125 0.028157949447631836
5 2 0.11158370971679688 0.015683233737945557 0.0515289306640625 -0.19189047813415527 -0.021910786628723145 0.007872343063354492 0.02079617095296271
5 1 0.692631721496582 -0.06231874227523804 0.05615234375 -0.010753631591796875 -0.03588390350341797 -0.1114879846572876 -0.1537386253476143
