0 3 0.09956645965576172 0.04125863313674927 -0.26752281188964844 -0.2445831298828125 -0.07906055450439453 0.09757709503173828 -0.10443508625030518
0 0 -0.7275562286376953 -0.07923531532287598 15.471271514892578 -0.038899898529052734 -0.03391695022583008 -0.23681199550628662 -6.418628454208374
1 0 5.3236846923828125 -0.05267214775085449 15.321788787841797 0.17554378509521484 0.053594112396240234 -0.14130651950836182 -6.108663082122803
2 4 0.03820180892944336 -0.023276448249816895 0.42596435546875 -0.027968883514404297 -0.029076576232910156 -0.04237723350524902 0.04332089424133301
2 2 -0.04452085494995117 -0.004361510276794434 0.13814544677734375 -0.06745576858520508 0.015253067016601562 0.0015197992324829102 -0.10633528232574463
3 3 -0.01520681381225586 -0.002404153347015381 0.13097763061523438 -0.05442333221435547 0.004765510559082031 0.000516057014465332 0.02709662914276123
4 2 -0.11003923416137695 0.018720686435699463 -0.04376220703125 -0.18219232559204102 -0.05623006820678711 0.034775376319885254 0.07427990436553955
4 4 0.017839431762695312 -0.027045607566833496 -0.1538543701171875 -0.0017323493957519531 -0.030836820602416992 -0.04637622833251953 0.03111410140991211
5 1 0.15600013732910156 -0.00572812557220459 -0.00383758544921875 -0.1642298698425293 -0.013896465301513672 -0.04738032817840576 0.009847159730270505
5 0 0.09517097473144531 -0.03711044788360596 0.16124343872070312 -0.013179302215576172 -0.025854825973510742 -0.04960751533508301 -6.2948527336120605
