0 1 0.0937356948852539 0.02638763189315796 -0.1900472640991211 -0.35233306884765625 -0.06793177127838135 0.08230507373809814 -0.10921347141265869
0 0 8.621234893798828 0.1783367395401001 14.91677474975586 0.812586784362793 0.18874144554138184 0.26473426818847656 -6.251002311706543
1 3 0.01603555679321289 -0.0035104751586914062 0.02513885498046875 -0.010729312896728516 -0.009030580520629883 -0.012466907501220703 -0.006577968597412109
1 0 14.674476623535156 0.20249342918395996 14.765621185302734 1.025771141052246 0.2741694450378418 0.36193788051605225 -5.9602954387664795
1 0 0.012441635131835938 -0.01739025115966797 -0.0832366943359375 -0.007159709930419922 -0.045197367668151855 0.023085474967956543 -6.298765420913696
3 1 0.035556793212890625 0.03219914436340332 0.30463600158691406 -0.4788227081298828 -0.13431215286254883 0.09014320373535156 0.07065403461456299
3 2 0.010666847229003906 -0.007194399833679199 0.041934967041015625 -0.005816936492919922 -0.004797220230102539 -0.00655674934387207 0.0046308040618896484
4 4 -0.040543556213378906 -0.011858165264129639 -0.030548095703125 -0.07249164581298828 -0.026497364044189453 0.01479196548461914 0.007075905799865723
5 4 0.06159496307373047 -0.055410563945770264 -0.5659446716308594 -0.3437819480895996 -0.009342432022094727 -0.1031942367553711 0.039742350578308105
5 3 -0.19240617752075195 -0.2282615303993225 -0.3478851318359375 0.22289657592773438 -0.03502988815307617 -0.4280436038970947 0.1059490442276001
