0 0 15.847087860107422 0.14958041906356812 -3.185993194580078 -0.37245893478393555 0.03445696830749512 0.11921358108520508 -1.7024797201156616
1 0 21.898046493530273 0.17575746774673462 -3.3344879150390625 -0.15946006774902344 0.12118840217590332 0.21634316444396973 -1.400034785270691
2 2 0.0444331169128418 -0.034563422203063965 0.30523681640625 -0.027057170867919922 -0.035689353942871094 -0.052019476890563965 0.05050528049468994
2 1 0.09955596923828125 -0.02259838581085205 0.17216873168945312 -0.7167568206787109 -0.13259565830230713 -0.06505811214447021 -0.020561814308166504
3 3 -0.03577995300292969 0.002619922161102295 -0.0018100738525390625 -0.014711380004882812 -0.007143616676330566 0.005334377288818359 -0.009416580200195312
4 1 -0.057562828063964844 -0.008344054222106934 -0.00695037841796875 -0.2611241340637207 -0.051250457763671875 -0.011864900588989258 0.013685107231140137
4 0 -0.04310417175292969 0.006169557571411133 -0.057872772216796875 -0.06665658950805664 -0.027451157569885254 0.012237310409545898 0.003702402114868164
4 2 -0.060753822326660156 -0.1059110164642334 -0.19860076904296875 0.021941184997558594 -0.08608388900756836 -0.16971516609191895 0.07779359817504883
5 4 0.12474632263183594 -0.006486833095550537 -0.028202056884765625 -0.09254741668701172 0.0021963119506835938 -0.04270625114440918 0.06130265351384878
5 0 -0.5342197418212891 -0.0548434853553772 -0.36441802978515625 -0.7656903266906738 -0.05440628528594971 -0.2025822401046753 -1.580229640007019
