0 4 0.08388948440551758 0.026581227779388428 -0.37879467010498047 -0.37433934211730957 -0.10545945167541504 0.0636742115020752 -0.06099522113800049
0 0 19.7882080078125 0.20884251594543457 9.868202209472656 0.8137669563293457 0.1894207000732422 0.26406562328338623 -4.831241130828857
1 0 -0.04427337646484375 0.00549471378326416 0.0301361083984375 -0.0006108283996582031 0.0003625154495239258 0.0168001651763916 -0.04477858543395996
1 0 25.84227752685547 0.23350286483764648 9.716732025146484 1.025771141052246 0.2741694450378418 0.36193788051605225 -4.541720867156982
2 2 -0.028903961181640625 -0.01212155818939209 0.09105682373046875 -0.07192659378051758 -0.006891727447509766 -0.02025139331817627 -1.0371208190917969e-05
2 3 0.07736587524414062 -0.06215876340866089 0.2084197998046875 0.07767295837402344 0.024190425872802734 -0.10625481605529785 0.06393003463745117
3 4 -0.01455831527709961 -0.0016904473304748535 0.1508007049560547 -0.024657249450683594 0.015002727508544922 0.004371285438537598 -0.005555510520935059
4 1 -0.040060997009277344 0.005588710308074951 -0.0554656982421875 -0.06761646270751953 -0.026672720909118652 0.012151479721069336 0.003621339797973633
4 3 0.04738044738769531 0.023600280284881592 0.0150299072265625 -0.028397083282470703 0.039560556411743164 -0.025869011878967285 0.05610322952270508
4 2 -0.12528610229492188 -0.004526972770690918 -0.551483154296875 -0.8088521957397461 -0.12605619430541992 -0.0942080020904541 0.0711449384689331
5 1 -0.5256457328796387 -0.05559772253036499 -0.3638572692871094 -0.783454418182373 -0.0581134557723999 -0.2031804323196411 -1.6042219400405884
