0 6 0.16724109649658203 0.03362298011779785 -0.4789714813232422 -0.37020277976989746 -0.08588910102844238 0.07884335517883301 -0.1698925495147705
0 0 19.98265266418457 0.19622808694839478 -25.21009063720703 0.7650058269500732 0.25280463695526123 0.2519274950027466 -4.835916996002197
1 0 26.03467559814453 0.2210255265235901 -25.36142349243164 0.9759972095489502 0.33787381649017334 0.3496580123901367 -4.541921377182007
1 2 -0.3930988311767578 -0.01472628116607666 -0.3895530700683594 -0.23867511749267578 -0.08881056308746338 -0.01304936408996582 -2.0252456665039062
2 0 -0.06743431091308594 -0.011127114295959473 -0.146392822265625 0.04752850532531738 0.0456770658493042 -0.016724467277526855 -0.015892386436462402
2 4 0.04447507858276367 -0.053528666496276855 0.2410888671875 0.03450298309326172 0.02393496036529541 -0.10274696350097656 0.02524387836456299
3 6 0.03342485427856445 0.0063021183013916016 0.112274169921875 -0.1838550567626953 -0.027721405029296875 0.015236139297485352 0.011042118072509766
4 3 -0.004306793212890625 0.006355583667755127 -0.012538909912109375 0.006630897521972656 0.005698204040527344 0.0054666996002197266 -0.0063931941986083984
4 5 -0.020522117614746094 -0.00547713041305542 -0.0016937255859375 -0.018318653106689453 0.0009129047393798828 0.016242504119873047 -0.00658416748046875
5 5 -0.13593292236328125 0.003012359142303467 -0.11902618408203125 -0.3360118865966797 -0.06412744522094727 0.011242389678955078 0.13854360580444336
5 2 0.6419258117675781 -0.1971638798713684 0.21490097045898438 0.07800531387329102 -0.06645464897155762 -0.28789591789245605 -2.012166738510132
