0 3 0.22614288330078125 -0.10181504487991333 -0.2791099548339844 -0.08068561553955078 -0.09725308418273926 -0.1640186309814453 -0.1173253059387207
0 1 0.052000999450683594 -0.01994931697845459 -0.07096099853515625 0.05074620246887207 0.04745686054229736 0.001463174819946289 -0.1054307222366333
0 0 19.787364959716797 0.20772671699523926 -3.2200164794921875 0.8124170303344727 0.1878044605255127 0.2655452489852905 -4.844812870025635
1 0 25.84027862548828 0.23350411653518677 -3.3709144592285156 1.025771141052246 0.2741694450378418 0.36193788051605225 -4.541720628738403
1 2 0.5805015563964844 -0.07673507928848267 -0.05454254150390625 0.08148860931396484 0.0009698867797851562 -0.16223013401031494 -6.256784200668335
2 0 -0.037156105041503906 -0.008136093616485596 0.08536529541015625 0.05284404754638672 0.005742192268371582 0.0014433860778808594 -0.01923394203186035
3 1 0.06419849395751953 -0.004850924015045166 0.14260292053222656 -0.16904664039611816 -0.05385911464691162 0.010921359062194824 0.08702003955841064
3 3 0.049361228942871094 -0.006292223930358887 0.15703582763671875 -0.023299217224121094 -0.03285384178161621 -0.016569137573242188 0.008930325508117676
4 0 -0.033246517181396484 0.009971082210540771 -0.003139495849609375 0.0029463768005371094 -0.01948082447052002 0.010365724563598633 0.015631914138793945
5 2 -0.028017044067382812 -0.02716386318206787 0.16054153442382812 -0.04247426986694336 -0.002425670623779297 -0.0553891658782959 -6.260261535644531
