0 3 0.26687049865722656 -0.012134730815887451 -0.4358863830566406 -0.8072185516357422 -0.13181698322296143 -0.07767009735107422 0.035126686096191406
0 0 19.84198570251465 -0.06180697679519653 31.478591918945312 -0.04240751266479492 -0.030956506729125977 -0.23979151248931885 -4.805221438407898
1 1 0.07011651992797852 -0.014981567859649658 0.379180908203125 -0.8400211334228516 -0.1466829776763916 -0.039156436920166016 0.10661101341247559
1 2 -0.08800888061523438 0.01407015323638916 -0.015476226806640625 0.0834646224975586 0.01614546775817871 -0.004122614860534668 -0.10436844825744629
1 3 -0.13048934936523438 -0.05339491367340088 -0.039226531982421875 -0.8095498085021973 -0.10922503471374512 -0.1375119686126709 -0.10094189643859863
1 0 26.089374542236328 -0.008126616477966309 31.276161193847656 0.045894622802734375 0.025858163833618164 -0.07521402835845947 -4.737250447273254
2 2 -0.225128173828125 -0.040802717208862305 0.12871932983398438 -0.42730188369750977 -0.003645181655883789 -0.11027395725250244 -5.951747417449951
3 0 0.025061607360839844 0.0003160238265991211 0.17061805725097656 -0.014467716217041016 -0.006055116653442383 0.004355669021606445 0.029291391372680664
3 1 0.026448726654052734 0.011809766292572021 -0.24102020263671875 -0.39473867416381836 -0.08462166786193848 0.020005106925964355 -0.0037189722061157227
5 2 0.34763240814208984 -0.02813059091567993 0.08689117431640625 -0.6256203651428223 -0.03888547420501709 -0.12570571899414062 -6.147679328918457
