0 5 0.13669919967651367 0.046913743019104004 -0.37325096130371094 -0.4875783920288086 -0.15750014781951904 0.11637771129608154 -0.12003135681152344
0 0 15.719766616821289 0.1807650923728943 11.907493591308594 -0.4261350631713867 -0.06661581993103027 0.26409614086151123 -5.802374362945557
1 4 0.045114994049072266 -0.022950947284698486 0.3857078552246094 -0.8103570938110352 -0.14138031005859375 -0.059682369232177734 0.07406353950500488
1 0 0.045172691345214844 -0.001756429672241211 -0.11040115356445312 0.06189441680908203 -0.02842998504638672 0.030420541763305664 -0.11727023124694824
1 0 21.773834228515625 0.20542579889297485 11.756023406982422 -0.21413135528564453 0.018134355545043945 0.3619680404663086 -5.512847661972046
2 2 0.0752410888671875 -0.16038024425506592 0.4075202941894531 0.10772180557250977 -0.04867386817932129 -0.3104827404022217 -0.3422694206237793
2 1 0.06971168518066406 -0.06917011737823486 0.6484146118164062 -0.061183929443359375 -0.08424079418182373 -0.12573814392089844 0.009766936302185059
3 5 0.022479534149169922 0.004038453102111816 0.14941883087158203 -0.0754241943359375 0.004528522491455078 0.017420649528503418 -0.006333351135253906
3 4 -0.011515617370605469 0.0178755521774292 -0.2869606018066406 -0.18524169921875 -0.0479428768157959 0.04010653495788574 -0.015537738800048828
4 2 0.045203208923339844 0.01785099506378174 -0.0736236572265625 -0.020163536071777344 0.024794578552246094 0.020216703414916992 0.0009697675704956055
4 1 -0.007208824157714844 0.03259146213531494 -0.00946044921875 -0.015308856964111328 0.04395890235900879 0.029813289642333984 0.04704296588897705
5 3 0.25965118408203125 0.03174847364425659 0.11445236206054688 -0.29091906547546387 -0.07389974594116211 0.06948220729827881 -0.055318593978881836
